leg,site,hole,core,section,top interval depth(cm),bottom interval depth (cm),coredepth(m),sample depth(m),total number of observed fossils,investigators name,publication date (month/year),dsdp initial report volume number,fossil group,group abundance,chemical overgrowth,chemical dissolution,mechanical preservations,age,page number reference,fossil code,fossil,fossil abundance,fossil preservation,record join code,eodp_id,sample
81,555,,5,4,110.0,112.0,34.00,39.61,32,WESTBERG-SMITH,12/1984,81,RADIOLARIA,,,,POOL,NO AGE GIVEN,486,RACTI0090,Actinomma medianum,TRACE,  ,1,e9afd1635b8d1222c502a54918cea12e,81-555-5-4
81,555,,5,4,110.0,112.0,34.00,39.61,32,WESTBERG-SMITH,12/1984,81,RADIOLARIA,,,,POOL,NO AGE GIVEN,486,RANOM0030,Anomalacantha dentata,1%,  ,1,a96446a7060c6f143bef2919b523ba1e,81-555-5-4
81,555,,5,4,110.0,112.0,34.00,39.61,32,WESTBERG-SMITH,12/1984,81,RADIOLARIA,,,,POOL,NO AGE GIVEN,486,RBOTS0010,Botryostrobus sp.,2%,  ,1,d75c1b3e227db2637cd30226363dab74,81-555-5-4
81,555,,5,4,110.0,112.0,34.00,39.61,32,WESTBERG-SMITH,12/1984,81,RADIOLARIA,,,,POOL,NO AGE GIVEN,486,RCARO0010,Carpocanistrum sp.,TRACE,  ,1,11122bf8fbd82c41f06d88ca921750fa,81-555-5-4
81,555,,5,4,110.0,112.0,34.00,39.61,32,WESTBERG-SMITH,12/1984,81,RADIOLARIA,,,,POOL,NO AGE GIVEN,486,RCARP0010,Carpocanarium sp.,TRACE,  ,1,98b942492c318b5b69a685606ebe16d6,81-555-5-4
81,555,,5,4,110.0,112.0,34.00,39.61,32,WESTBERG-SMITH,12/1984,81,RADIOLARIA,,,,POOL,NO AGE GIVEN,486,RCERA0010,Ceratocyrtis sp.,1%,  ,1,01fdd46d87f23b61043ddf235ee5b76a,81-555-5-4
81,555,,5,4,110.0,112.0,34.00,39.61,32,WESTBERG-SMITH,12/1984,81,RADIOLARIA,,,,POOL,NO AGE GIVEN,486,RCERT0010,Ceratospyris sp.,TRACE,  ,1,51922872d816667efc2eb0ce824797ca,81-555-5-4
81,555,,5,4,110.0,112.0,34.00,39.61,32,WESTBERG-SMITH,12/1984,81,RADIOLARIA,,,,POOL,NO AGE GIVEN,486,RCORU0060,Cornutella sp.,TRACE,  ,1,80d4d19a18db28e7ab625729ceceb91d,81-555-5-4
81,555,,5,4,110.0,112.0,34.00,39.61,32,WESTBERG-SMITH,12/1984,81,RADIOLARIA,,,,POOL,NO AGE GIVEN,486,RCYRC0070,Cyrtocapsella tetrapera,1%,  ,1,8985dcd72e72358c7338bd201ac6a3bd,81-555-5-4
81,555,,5,4,110.0,112.0,34.00,39.61,32,WESTBERG-SMITH,12/1984,81,RADIOLARIA,,,,POOL,NO AGE GIVEN,486,RDICY0030,Dictyoceras virchowii,1%,  ,1,551e5a16dbbba7a26521e64fa257195d,81-555-5-4
81,555,,5,4,110.0,112.0,34.00,39.61,32,WESTBERG-SMITH,12/1984,81,RADIOLARIA,,,,POOL,NO AGE GIVEN,486,RDIDY0005,Didymocyrtis sp.,TRACE,  ,2,0ffb51ad3da853ff026796663b8bd3d6,81-555-5-4
81,555,,5,4,110.0,112.0,34.00,39.61,32,WESTBERG-SMITH,12/1984,81,RADIOLARIA,,,,POOL,NO AGE GIVEN,486,RDRUP0010,Druppatractus sp.,9%,  ,2,b23fc43d8d1a63f108b290e76db23c2a,81-555-5-4
81,555,,5,4,110.0,112.0,34.00,39.61,32,WESTBERG-SMITH,12/1984,81,RADIOLARIA,,,,POOL,NO AGE GIVEN,486,REUCE0010,Eucecryphalus sp.,TRACE,  ,2,cd6f56228eee784679c007dd401f63bb,81-555-5-4
81,555,,5,4,110.0,112.0,34.00,39.61,32,WESTBERG-SMITH,12/1984,81,RADIOLARIA,,,,POOL,NO AGE GIVEN,486,REUCY0060,Eucyrtidium cienkowskii,1%,  ,2,541a54229c861c46190ce241db3bcb2d,81-555-5-4
81,555,,5,4,110.0,112.0,34.00,39.61,32,WESTBERG-SMITH,12/1984,81,RADIOLARIA,,,,POOL,NO AGE GIVEN,486,RHEXA0040,Hexacontium sp.,4%,  ,2,3a0a7cf709bde9c9f7c1774b34525b6f,81-555-5-4
81,555,,5,4,110.0,112.0,34.00,39.61,32,WESTBERG-SMITH,12/1984,81,RADIOLARIA,,,,POOL,NO AGE GIVEN,486,RLIRI0035,Liriospyris circus,2%,  ,2,d39156b0a7a839f3030ce4d8c0c416f6,81-555-5-4
81,555,,5,4,110.0,112.0,34.00,39.61,32,WESTBERG-SMITH,12/1984,81,RADIOLARIA,,,,POOL,NO AGE GIVEN,486,RLITE0030,Lithelius minor,25%,  ,2,14bbedf18e5394f5eb34b609e7886d1d,81-555-5-4
81,555,,5,4,110.0,112.0,34.00,39.61,32,WESTBERG-SMITH,12/1984,81,RADIOLARIA,,,,POOL,NO AGE GIVEN,486,RLITR0020,Litharachnium sp.,1%,  ,2,4aa48682d0fc77c06a294acbf4d8c86d,81-555-5-4
81,555,,5,4,110.0,112.0,34.00,39.61,32,WESTBERG-SMITH,12/1984,81,RADIOLARIA,,,,POOL,NO AGE GIVEN,486,RLOPP0010,Lophophaena sp.,1%,  ,2,8e7d91c4a26d54f3b5e0a77615a9e3a5,81-555-5-4
81,555,,5,4,110.0,112.0,34.00,39.61,32,WESTBERG-SMITH,12/1984,81,RADIOLARIA,,,,POOL,NO AGE GIVEN,486,RPORO0070,Porodiscus sp.,2%,  ,2,6cfcacea6725f820f5f901b36f8ac735,81-555-5-4
81,555,,5,4,110.0,112.0,34.00,39.61,32,WESTBERG-SMITH,12/1984,81,RADIOLARIA,,,,POOL,NO AGE GIVEN,486,RPTER0010,Pterocanium sp.,1%,  ,3,1d8873d8e037ce45f5f77a5325efded7,81-555-5-4
81,555,,5,4,110.0,112.0,34.00,39.61,32,WESTBERG-SMITH,12/1984,81,RADIOLARIA,,,,POOL,NO AGE GIVEN,486,RPYLS0010,Pylospira sp.,6%,  ,3,3be6da23f53dc3b59419e3d6da81a5ab,81-555-5-4
81,555,,5,4,110.0,112.0,34.00,39.61,32,WESTBERG-SMITH,12/1984,81,RADIOLARIA,,,,POOL,NO AGE GIVEN,486,RSIPA0005,Siphocampe sp.,1%,  ,3,d11e8641950a489269663bb11086c6e3,81-555-5-4
81,555,,5,4,110.0,112.0,34.00,39.61,32,WESTBERG-SMITH,12/1984,81,RADIOLARIA,,,,POOL,NO AGE GIVEN,486,RSPOD0010,Spongodiscus sp.,4%,  ,3,cf04fb15169c1922a44e3583d6ed49f4,81-555-5-4
81,555,,5,4,110.0,112.0,34.00,39.61,32,WESTBERG-SMITH,12/1984,81,RADIOLARIA,,,,POOL,NO AGE GIVEN,486,RSTIO0010,Stichocorys sp.,TRACE,  ,3,01241c40c5636b80a24666a7d5481309,81-555-5-4
81,555,,5,4,110.0,112.0,34.00,39.61,32,WESTBERG-SMITH,12/1984,81,RADIOLARIA,,,,POOL,NO AGE GIVEN,486,RSTIO0050,Stichocorys delmontensis,1%,  ,3,f38a2ba8f79d1d11618b3900db4690b8,81-555-5-4
81,555,,5,4,110.0,112.0,34.00,39.61,32,WESTBERG-SMITH,12/1984,81,RADIOLARIA,,,,POOL,NO AGE GIVEN,486,RSTIO0070,Stichocorys peregrina,1%,  ,3,ff8c0154d05d48541ea1e4b413bcc8d2,81-555-5-4
81,555,,5,4,110.0,112.0,34.00,39.61,32,WESTBERG-SMITH,12/1984,81,RADIOLARIA,,,,POOL,NO AGE GIVEN,486,RSTYC0021,Stylucyclia sp. (q),TRACE,  ,3,259335509e9dbca6c453a4d186adf401,81-555-5-4
81,555,,5,4,110.0,112.0,34.00,39.61,32,WESTBERG-SMITH,12/1984,81,RADIOLARIA,,,,POOL,NO AGE GIVEN,486,RSTYD0065,Stylodictya sp.,TRACE,  ,3,e0f8366a897b4aaec13c1939d9bf0d85,81-555-5-4
81,555,,5,4,110.0,112.0,34.00,39.61,32,WESTBERG-SMITH,12/1984,81,RADIOLARIA,,,,POOL,NO AGE GIVEN,486,RSTYH0010,Stylosphaera sp.,2%,  ,3,58be596ce6c20096171b9cc832fc83b8,81-555-5-4
81,555,,5,4,110.0,112.0,34.00,39.61,32,WESTBERG-SMITH,12/1984,81,RADIOLARIA,,,,POOL,NO AGE GIVEN,486,RTHEC0010,Thecosphaera sp.,1%,  ,4,bd1f58606804843a1d46f4ecb56fb840,81-555-5-4
81,555,,5,4,110.0,112.0,34.00,39.61,32,WESTBERG-SMITH,12/1984,81,RADIOLARIA,,,,POOL,NO AGE GIVEN,486,RZYGO0010,Zygocircus sp.,1%,  ,4,7cedfd61a0407fa82a8e826fb53ee3fd,81-555-5-4
81,555,,5,6,6.0,8.0,34.00,41.57,43,WESTBERG-SMITH,12/1984,81,RADIOLARIA,,,,MODERATE,NO AGE GIVEN,486,RACAT0005,Acanthodesmia sp.,TRACE,  ,1,866b8f8e0d021f9dadfbf0f3a9fe5282,81-555-5-6
81,555,,5,6,6.0,8.0,34.00,41.57,43,WESTBERG-SMITH,12/1984,81,RADIOLARIA,,,,MODERATE,NO AGE GIVEN,486,RACTI0090,Actinomma medianum,TRACE,  ,1,d36e69f3af5a99e53140bb91807163db,81-555-5-6
81,555,,5,6,6.0,8.0,34.00,41.57,43,WESTBERG-SMITH,12/1984,81,RADIOLARIA,,,,MODERATE,NO AGE GIVEN,486,RANOM0030,Anomalacantha dentata,1%,  ,1,cd76aed2ae74ab4d7f36132b6cedd3db,81-555-5-6
81,555,,5,6,6.0,8.0,34.00,41.57,43,WESTBERG-SMITH,12/1984,81,RADIOLARIA,,,,MODERATE,NO AGE GIVEN,486,RANTY0010,Anthocyrtidium sp.,TRACE,  ,1,7609413e1ab7107bd19c529f3d706b9e,81-555-5-6
81,555,,5,6,6.0,8.0,34.00,41.57,43,WESTBERG-SMITH,12/1984,81,RADIOLARIA,,,,MODERATE,NO AGE GIVEN,486,RARAH0010,Arachnocorallium sp.,1%,  ,1,c85a78cf556ac8f90e7b3d14a06326ac,81-555-5-6
81,555,,5,6,6.0,8.0,34.00,41.57,43,WESTBERG-SMITH,12/1984,81,RADIOLARIA,,,,MODERATE,NO AGE GIVEN,486,RBOTS0010,Botryostrobus sp.,3%,  ,1,05448fe205118f10ae63b1f44a936222,81-555-5-6
81,555,,5,6,6.0,8.0,34.00,41.57,43,WESTBERG-SMITH,12/1984,81,RADIOLARIA,,,,MODERATE,NO AGE GIVEN,486,RCARO0010,Carpocanistrum sp.,1%,  ,1,44cd6598c1b882804a14ffbb7a9c5d0d,81-555-5-6
81,555,,5,6,6.0,8.0,34.00,41.57,43,WESTBERG-SMITH,12/1984,81,RADIOLARIA,,,,MODERATE,NO AGE GIVEN,486,RCARP0010,Carpocanarium sp.,TRACE,  ,1,1771963a6f37c9147ea895c23d3f825f,81-555-5-6
81,555,,5,6,6.0,8.0,34.00,41.57,43,WESTBERG-SMITH,12/1984,81,RADIOLARIA,,,,MODERATE,NO AGE GIVEN,486,RCERA0010,Ceratocyrtis sp.,2%,  ,1,1bdc965cf53d4bfda3097b0c19577331,81-555-5-6
81,555,,5,6,6.0,8.0,34.00,41.57,43,WESTBERG-SMITH,12/1984,81,RADIOLARIA,,,,MODERATE,NO AGE GIVEN,486,RCERT0010,Ceratospyris sp.,TRACE,  ,1,d553dd4dc62c5ac32377c7756f6811ca,81-555-5-6
81,555,,5,6,6.0,8.0,34.00,41.57,43,WESTBERG-SMITH,12/1984,81,RADIOLARIA,,,,MODERATE,NO AGE GIVEN,486,RCORU0060,Cornutella sp.,2%,  ,2,323974dfb211fb4685eb76c731cdeff6,81-555-5-6
81,555,,5,6,6.0,8.0,34.00,41.57,43,WESTBERG-SMITH,12/1984,81,RADIOLARIA,,,,MODERATE,NO AGE GIVEN,486,RCYRC0060,Cyrtocapsella japonica,TRACE,  ,2,1b9d539613fd81cf45a4ebe7441f76d5,81-555-5-6
81,555,,5,6,6.0,8.0,34.00,41.57,43,WESTBERG-SMITH,12/1984,81,RADIOLARIA,,,,MODERATE,NO AGE GIVEN,486,RDICY0030,Dictyoceras virchowii,1%,  ,2,a8951b05027a39525553435ae59a833e,81-555-5-6
81,555,,5,6,6.0,8.0,34.00,41.57,43,WESTBERG-SMITH,12/1984,81,RADIOLARIA,,,,MODERATE,NO AGE GIVEN,486,RDRUP0010,Druppatractus sp.,1%,  ,2,cd935c90b304538bdcbab2fe6191f901,81-555-5-6
81,555,,5,6,6.0,8.0,34.00,41.57,43,WESTBERG-SMITH,12/1984,81,RADIOLARIA,,,,MODERATE,NO AGE GIVEN,486,REUCE0010,Eucecryphalus sp.,TRACE,  ,2,d6aef52ac3ad4b4ded39411dbd8bb6af,81-555-5-6
81,555,,5,6,6.0,8.0,34.00,41.57,43,WESTBERG-SMITH,12/1984,81,RADIOLARIA,,,,MODERATE,NO AGE GIVEN,486,REUCY0010,Eucyrtidium sp.,TRACE,  ,2,12991d203325f5d2163e5f9e24a0d1ac,81-555-5-6
81,555,,5,6,6.0,8.0,34.00,41.57,43,WESTBERG-SMITH,12/1984,81,RADIOLARIA,,,,MODERATE,NO AGE GIVEN,486,REUCY0060,Eucyrtidium cienkowskii,TRACE,  ,2,9af3d07f6bb67dfe0bd2282d9e8589c1,81-555-5-6
81,555,,5,6,6.0,8.0,34.00,41.57,43,WESTBERG-SMITH,12/1984,81,RADIOLARIA,,,,MODERATE,NO AGE GIVEN,486,REUCY0182,Eucyrtidium punctatum,1%,  ,2,3ab562b7e3bc4a9e3c3f445836eb8f11,81-555-5-6
81,555,,5,6,6.0,8.0,34.00,41.57,43,WESTBERG-SMITH,12/1984,81,RADIOLARIA,,,,MODERATE,NO AGE GIVEN,486,RGOND0050,Gondwanaria sp.,TRACE,  ,2,9f281be66fdecf17dff970a9b78a5509,81-555-5-6
81,555,,5,6,6.0,8.0,34.00,41.57,43,WESTBERG-SMITH,12/1984,81,RADIOLARIA,,,,MODERATE,NO AGE GIVEN,486,RHEXA0040,Hexacontium sp.,1%,  ,2,5c0f22cad0f66f068fa6f30ea6c2bc9a,81-555-5-6
81,555,,5,6,6.0,8.0,34.00,41.57,43,WESTBERG-SMITH,12/1984,81,RADIOLARIA,,,,MODERATE,NO AGE GIVEN,486,RLAMP0050,Lamprocyclas maritalis,TRACE,  ,3,c7d66e1d78b2c8bb8e11cb5816051942,81-555-5-6
81,555,,5,6,6.0,8.0,34.00,41.57,43,WESTBERG-SMITH,12/1984,81,RADIOLARIA,,,,MODERATE,NO AGE GIVEN,486,RLARP0010,Larcopyle sp.,3%,  ,3,0ecb002bb2eac1768ddf7ba82a222fad,81-555-5-6
81,555,,5,6,6.0,8.0,34.00,41.57,43,WESTBERG-SMITH,12/1984,81,RADIOLARIA,,,,MODERATE,NO AGE GIVEN,486,RLIRI0035,Liriospyris circus,TRACE,  ,3,7e34236e1776b1bfe4f4a384f762748b,81-555-5-6
81,555,,5,6,6.0,8.0,34.00,41.57,43,WESTBERG-SMITH,12/1984,81,RADIOLARIA,,,,MODERATE,NO AGE GIVEN,486,RLITE0030,Lithelius minor,17%,  ,3,422503b4c4e40ae521a3997c705b6948,81-555-5-6
81,555,,5,6,6.0,8.0,34.00,41.57,43,WESTBERG-SMITH,12/1984,81,RADIOLARIA,,,,MODERATE,NO AGE GIVEN,486,RLITR0020,Litharachnium sp.,TRACE,  ,3,af1a0f40c5829f3068e3dcc66989e09d,81-555-5-6
81,555,,5,6,6.0,8.0,34.00,41.57,43,WESTBERG-SMITH,12/1984,81,RADIOLARIA,,,,MODERATE,NO AGE GIVEN,486,RLOPP0010,Lophophaena sp.,3%,  ,3,a435b5922017dc594c7994ec5aa78317,81-555-5-6
81,555,,5,6,6.0,8.0,34.00,41.57,43,WESTBERG-SMITH,12/1984,81,RADIOLARIA,,,,MODERATE,NO AGE GIVEN,486,RPHOO0060,Phormostichoartus sp.,1%,  ,3,ec2b58fea8ca57ff704959a664fc3001,81-555-5-6
81,555,,5,6,6.0,8.0,34.00,41.57,43,WESTBERG-SMITH,12/1984,81,RADIOLARIA,,,,MODERATE,NO AGE GIVEN,486,RPORO0070,Porodiscus sp.,24%,  ,3,84c8474e7816401d2675c7095421f7b3,81-555-5-6
81,555,,5,6,6.0,8.0,34.00,41.57,43,WESTBERG-SMITH,12/1984,81,RADIOLARIA,,,,MODERATE,NO AGE GIVEN,486,RPSEO0010,Pseudodictyophimus sp.,1%,  ,3,fdfa8ac89b62cc41a49817610a61394b,81-555-5-6
81,555,,5,6,6.0,8.0,34.00,41.57,43,WESTBERG-SMITH,12/1984,81,RADIOLARIA,,,,MODERATE,NO AGE GIVEN,486,RPTER0010,Pterocanium sp.,TRACE,  ,3,97230a23d45f9fb644eb388c4f0da17b,81-555-5-6
81,555,,5,6,6.0,8.0,34.00,41.57,43,WESTBERG-SMITH,12/1984,81,RADIOLARIA,,,,MODERATE,NO AGE GIVEN,486,RPYLS0010,Pylospira sp.,7%,  ,4,ab193b7c328eb3a8c74aa9a667fbfa6d,81-555-5-6
81,555,,5,6,6.0,8.0,34.00,41.57,43,WESTBERG-SMITH,12/1984,81,RADIOLARIA,,,,MODERATE,NO AGE GIVEN,486,RSIPA0005,Siphocampe sp.,TRACE,  ,4,26a3f5378240cd78153c4d0e6502aa94,81-555-5-6
81,555,,5,6,6.0,8.0,34.00,41.57,43,WESTBERG-SMITH,12/1984,81,RADIOLARIA,,,,MODERATE,NO AGE GIVEN,486,RSPOD0010,Spongodiscus sp.,12%,  ,4,17b5ca81151da1641b754c34c31b4659,81-555-5-6
81,555,,5,6,6.0,8.0,34.00,41.57,43,WESTBERG-SMITH,12/1984,81,RADIOLARIA,,,,MODERATE,NO AGE GIVEN,486,RSPOO0030,Spongocore sp.,TRACE,  ,4,bd2ecde9b576b2133a6e70d9c3311f77,81-555-5-6
81,555,,5,6,6.0,8.0,34.00,41.57,43,WESTBERG-SMITH,12/1984,81,RADIOLARIA,,,,MODERATE,NO AGE GIVEN,486,RSTIO0010,Stichocorys sp.,1%,  ,4,5850468eb82bc9315e7f5691a318187d,81-555-5-6
81,555,,5,6,6.0,8.0,34.00,41.57,43,WESTBERG-SMITH,12/1984,81,RADIOLARIA,,,,MODERATE,NO AGE GIVEN,486,RSTIO0050,Stichocorys delmontensis,TRACE,  ,4,1b93505c1038e1c42c1cb8ca890540a9,81-555-5-6
81,555,,5,6,6.0,8.0,34.00,41.57,43,WESTBERG-SMITH,12/1984,81,RADIOLARIA,,,,MODERATE,NO AGE GIVEN,486,RSTIO0070,Stichocorys peregrina,1%,  ,4,0750ec58efb98ef232484fb7b139fa05,81-555-5-6
81,555,,5,6,6.0,8.0,34.00,41.57,43,WESTBERG-SMITH,12/1984,81,RADIOLARIA,,,,MODERATE,NO AGE GIVEN,486,RSTYC0021,Stylucyclia sp. (q),3%,  ,4,3f113989e2f2e09bc11ff99c6d03fc65,81-555-5-6
81,555,,5,6,6.0,8.0,34.00,41.57,43,WESTBERG-SMITH,12/1984,81,RADIOLARIA,,,,MODERATE,NO AGE GIVEN,486,RSTYD0065,Stylodictya sp.,2%,  ,4,daef7b1044c542a87db48b6c2f3e6d5c,81-555-5-6
81,555,,5,6,6.0,8.0,34.00,41.57,43,WESTBERG-SMITH,12/1984,81,RADIOLARIA,,,,MODERATE,NO AGE GIVEN,486,RSTYH0010,Stylosphaera sp.,TRACE,  ,4,ecafb74e8cc70ab61342f9da6650044a,81-555-5-6
81,555,,5,6,6.0,8.0,34.00,41.57,43,WESTBERG-SMITH,12/1984,81,RADIOLARIA,,,,MODERATE,NO AGE GIVEN,486,RTHEC0010,Thecosphaera sp.,1%,  ,5,94f3ac8880cbff3f8f85c33a42640c63,81-555-5-6
81,555,,5,6,6.0,8.0,34.00,41.57,43,WESTBERG-SMITH,12/1984,81,RADIOLARIA,,,,MODERATE,NO AGE GIVEN,486,RTHER0010,Theocorys sp.,TRACE,  ,5,e7de21e4d1487bedf42f4a21c0560314,81-555-5-6
81,555,,5,6,6.0,8.0,34.00,41.57,43,WESTBERG-SMITH,12/1984,81,RADIOLARIA,,,,MODERATE,NO AGE GIVEN,486,RZYGO0010,Zygocircus sp.,TRACE,  ,5,9ecb300bbe4be36e0d459352a8a3f49f,81-555-5-6
81,555,,6,4,30.0,32.0,43.50,48.31,45,WESTBERG-SMITH,12/1984,81,RADIOLARIA,,,,MODERATE,NO AGE GIVEN,486,RACAT0005,Acanthodesmia sp.,TRACE,  ,1,63821b5961810c1acfd654f4ad7ac3ab,81-555-6-4
81,555,,6,4,30.0,32.0,43.50,48.31,45,WESTBERG-SMITH,12/1984,81,RADIOLARIA,,,,MODERATE,NO AGE GIVEN,486,RACTI0090,Actinomma medianum,3%,  ,1,5af1ad2f0fc8958a7094494a9a55a12b,81-555-6-4
81,555,,6,4,30.0,32.0,43.50,48.31,45,WESTBERG-SMITH,12/1984,81,RADIOLARIA,,,,MODERATE,NO AGE GIVEN,486,RANOM0030,Anomalacantha dentata,2%,  ,1,94a0caf216406950674f76ae285f9fd2,81-555-6-4
81,555,,6,4,30.0,32.0,43.50,48.31,45,WESTBERG-SMITH,12/1984,81,RADIOLARIA,,,,MODERATE,NO AGE GIVEN,486,RANTY0010,Anthocyrtidium sp.,TRACE,  ,1,4ed6c7dfe16d2cd9887409bca2b21291,81-555-6-4
81,555,,6,4,30.0,32.0,43.50,48.31,45,WESTBERG-SMITH,12/1984,81,RADIOLARIA,,,,MODERATE,NO AGE GIVEN,486,RBOTS0010,Botryostrobus sp.,3%,  ,1,554f521f91a4a2fabf770c1986093843,81-555-6-4
81,555,,6,4,30.0,32.0,43.50,48.31,45,WESTBERG-SMITH,12/1984,81,RADIOLARIA,,,,MODERATE,NO AGE GIVEN,486,RCARO0010,Carpocanistrum sp.,TRACE,  ,1,5a45a222c6d97c53fd3a3823520c07f1,81-555-6-4
81,555,,6,4,30.0,32.0,43.50,48.31,45,WESTBERG-SMITH,12/1984,81,RADIOLARIA,,,,MODERATE,NO AGE GIVEN,486,RCARP0010,Carpocanarium sp.,TRACE,  ,1,d51896caf0413e1204828ed6d56c843c,81-555-6-4
81,555,,6,4,30.0,32.0,43.50,48.31,45,WESTBERG-SMITH,12/1984,81,RADIOLARIA,,,,MODERATE,NO AGE GIVEN,486,RCERA0010,Ceratocyrtis sp.,2%,  ,1,619656c8450f7d9c83f5acfe858699d0,81-555-6-4
81,555,,6,4,30.0,32.0,43.50,48.31,45,WESTBERG-SMITH,12/1984,81,RADIOLARIA,,,,MODERATE,NO AGE GIVEN,486,RCERT0010,Ceratospyris sp.,TRACE,  ,1,caa234ca5bc5842242687815affa4ecf,81-555-6-4
81,555,,6,4,30.0,32.0,43.50,48.31,45,WESTBERG-SMITH,12/1984,81,RADIOLARIA,,,,MODERATE,NO AGE GIVEN,486,RCORU0060,Cornutella sp.,1%,  ,1,8d11a18cf034374392cec16005f0c2d6,81-555-6-4
81,555,,6,4,30.0,32.0,43.50,48.31,45,WESTBERG-SMITH,12/1984,81,RADIOLARIA,,,,MODERATE,NO AGE GIVEN,486,RCYRC0070,Cyrtocapsella tetrapera,TRACE,  ,2,f619238b230cd7a48e23e45f9c34f725,81-555-6-4
81,555,,6,4,30.0,32.0,43.50,48.31,45,WESTBERG-SMITH,12/1984,81,RADIOLARIA,,,,MODERATE,NO AGE GIVEN,486,RDICY0030,Dictyoceras virchowii,2%,  ,2,c217f226d823c7bc3331d7a838ec7ee4,81-555-6-4
81,555,,6,4,30.0,32.0,43.50,48.31,45,WESTBERG-SMITH,12/1984,81,RADIOLARIA,,,,MODERATE,NO AGE GIVEN,486,RDIDY0005,Didymocyrtis sp.,TRACE,  ,2,5f5071b43c2c67bc27e69fabf216f77a,81-555-6-4
81,555,,6,4,30.0,32.0,43.50,48.31,45,WESTBERG-SMITH,12/1984,81,RADIOLARIA,,,,MODERATE,NO AGE GIVEN,486,RDRUP0010,Druppatractus sp.,1%,  ,2,44ad314ad48c2e424b7d12554da3dbc9,81-555-6-4
81,555,,6,4,30.0,32.0,43.50,48.31,45,WESTBERG-SMITH,12/1984,81,RADIOLARIA,,,,MODERATE,NO AGE GIVEN,486,REUCE0010,Eucecryphalus sp.,1%,  ,2,ac893c06a0a11d05370ba696966abcb4,81-555-6-4
81,555,,6,4,30.0,32.0,43.50,48.31,45,WESTBERG-SMITH,12/1984,81,RADIOLARIA,,,,MODERATE,NO AGE GIVEN,486,REUCY0010,Eucyrtidium sp.,TRACE,  ,2,9340432e65c3eb18490b4bd983abb338,81-555-6-4
81,555,,6,4,30.0,32.0,43.50,48.31,45,WESTBERG-SMITH,12/1984,81,RADIOLARIA,,,,MODERATE,NO AGE GIVEN,486,REUCY0020,Eucyrtidium acuminatum,TRACE,  ,2,b21a4d1c3aac614ba514c2eb37c05009,81-555-6-4
81,555,,6,4,30.0,32.0,43.50,48.31,45,WESTBERG-SMITH,12/1984,81,RADIOLARIA,,,,MODERATE,NO AGE GIVEN,486,REUCY0050,Eucyrtidium calvertense,TRACE,  ,2,a94ac14a5373db9bc92b3f2ce29e69ed,81-555-6-4
81,555,,6,4,30.0,32.0,43.50,48.31,45,WESTBERG-SMITH,12/1984,81,RADIOLARIA,,,,MODERATE,NO AGE GIVEN,486,REUCY0060,Eucyrtidium cienkowskii,TRACE,  ,2,98e65083284903c746286146b812bf9d,81-555-6-4
81,555,,6,4,30.0,32.0,43.50,48.31,45,WESTBERG-SMITH,12/1984,81,RADIOLARIA,,,,MODERATE,NO AGE GIVEN,486,REUCY0182,Eucyrtidium punctatum,TRACE,  ,2,fbf4a0f8b16daeb67fd2e6e47a03eebd,81-555-6-4
81,555,,6,4,30.0,32.0,43.50,48.31,45,WESTBERG-SMITH,12/1984,81,RADIOLARIA,,,,MODERATE,NO AGE GIVEN,486,RGOND0050,Gondwanaria sp.,TRACE,  ,3,d521608f2ca25db4677954a8f0fe0923,81-555-6-4
81,555,,6,4,30.0,32.0,43.50,48.31,45,WESTBERG-SMITH,12/1984,81,RADIOLARIA,,,,MODERATE,NO AGE GIVEN,486,RHEXA0040,Hexacontium sp.,TRACE,  ,3,902ad9b24019e1b38c6f03d8f71bbea4,81-555-6-4
81,555,,6,4,30.0,32.0,43.50,48.31,45,WESTBERG-SMITH,12/1984,81,RADIOLARIA,,,,MODERATE,NO AGE GIVEN,486,RLAMP0010,Lamprocyclas sp.,TRACE,  ,3,98c3dc3f83e21289ec2bf4f968652764,81-555-6-4
81,555,,6,4,30.0,32.0,43.50,48.31,45,WESTBERG-SMITH,12/1984,81,RADIOLARIA,,,,MODERATE,NO AGE GIVEN,486,RLARC0030,Larcospira sp.,TRACE,  ,3,ba8a06f5cc8342dc5c6646be630748a0,81-555-6-4
81,555,,6,4,30.0,32.0,43.50,48.31,45,WESTBERG-SMITH,12/1984,81,RADIOLARIA,,,,MODERATE,NO AGE GIVEN,486,RLARP0010,Larcopyle sp.,2%,  ,3,4037810875e0b166244e78c2e10e1be9,81-555-6-4
81,555,,6,4,30.0,32.0,43.50,48.31,45,WESTBERG-SMITH,12/1984,81,RADIOLARIA,,,,MODERATE,NO AGE GIVEN,486,RLITE0030,Lithelius minor,14%,  ,3,1196e0f8e69b0a3ff0a2796b226b1aeb,81-555-6-4
81,555,,6,4,30.0,32.0,43.50,48.31,45,WESTBERG-SMITH,12/1984,81,RADIOLARIA,,,,MODERATE,NO AGE GIVEN,486,RLITR0020,Litharachnium sp.,TRACE,  ,3,3d39958914168e1ee3d40b7b78f267c6,81-555-6-4
81,555,,6,4,30.0,32.0,43.50,48.31,45,WESTBERG-SMITH,12/1984,81,RADIOLARIA,,,,MODERATE,NO AGE GIVEN,486,RLOPP0010,Lophophaena sp.,3%,  ,3,e8842eef4068385ab1f9b65f3c2a575a,81-555-6-4
81,555,,6,4,30.0,32.0,43.50,48.31,45,WESTBERG-SMITH,12/1984,81,RADIOLARIA,,,,MODERATE,NO AGE GIVEN,486,RPHOO0060,Phormostichoartus sp.,TRACE,  ,3,96fd4ef89d34f8d133cb1756c6bb4589,81-555-6-4
81,555,,6,4,30.0,32.0,43.50,48.31,45,WESTBERG-SMITH,12/1984,81,RADIOLARIA,,,,MODERATE,NO AGE GIVEN,486,RPORO0070,Porodiscus sp.,17%,  ,3,2ad3ae16ba73293ed93769aac1d1811f,81-555-6-4
81,555,,6,4,30.0,32.0,43.50,48.31,45,WESTBERG-SMITH,12/1984,81,RADIOLARIA,,,,MODERATE,NO AGE GIVEN,486,RPSEO0010,Pseudodictyophimus sp.,1%,  ,4,4714c6436a933089cca7fd47d42cb6e4,81-555-6-4
81,555,,6,4,30.0,32.0,43.50,48.31,45,WESTBERG-SMITH,12/1984,81,RADIOLARIA,,,,MODERATE,NO AGE GIVEN,486,RPTER0010,Pterocanium sp.,TRACE,  ,4,f14148ed094100e94e3212cb3dd41baa,81-555-6-4
81,555,,6,4,30.0,32.0,43.50,48.31,45,WESTBERG-SMITH,12/1984,81,RADIOLARIA,,,,MODERATE,NO AGE GIVEN,486,RPYLS0010,Pylospira sp.,9%,  ,4,163a7f6096f273237d193fdbf3cce134,81-555-6-4
81,555,,6,4,30.0,32.0,43.50,48.31,45,WESTBERG-SMITH,12/1984,81,RADIOLARIA,,,,MODERATE,NO AGE GIVEN,486,RSIPA0005,Siphocampe sp.,2%,  ,4,20114c107ac985fdfeaa42c19d952c2b,81-555-6-4
81,555,,6,4,30.0,32.0,43.50,48.31,45,WESTBERG-SMITH,12/1984,81,RADIOLARIA,,,,MODERATE,NO AGE GIVEN,486,RSPOD0010,Spongodiscus sp.,10%,  ,4,905229e2bc7c3cc3e4c577d1d59a7b67,81-555-6-4
81,555,,6,4,30.0,32.0,43.50,48.31,45,WESTBERG-SMITH,12/1984,81,RADIOLARIA,,,,MODERATE,NO AGE GIVEN,486,RSPOO0030,Spongocore sp.,TRACE,  ,4,df9955c51f07a938e06aea410c7c3b9f,81-555-6-4
81,555,,6,4,30.0,32.0,43.50,48.31,45,WESTBERG-SMITH,12/1984,81,RADIOLARIA,,,,MODERATE,NO AGE GIVEN,486,RSTIO0010,Stichocorys sp.,1%,  ,4,1db97a893397cb0c8dd3a8e71693f069,81-555-6-4
81,555,,6,4,30.0,32.0,43.50,48.31,45,WESTBERG-SMITH,12/1984,81,RADIOLARIA,,,,MODERATE,NO AGE GIVEN,486,RSTIO0050,Stichocorys delmontensis,1%,  ,4,87a54c925f0a9aa3782d7696418b2b74,81-555-6-4
81,555,,6,4,30.0,32.0,43.50,48.31,45,WESTBERG-SMITH,12/1984,81,RADIOLARIA,,,,MODERATE,NO AGE GIVEN,486,RSTIO0070,Stichocorys peregrina,1%,  ,4,5ef2c32cd6c147a9232706a8a97a6eab,81-555-6-4
81,555,,6,4,30.0,32.0,43.50,48.31,45,WESTBERG-SMITH,12/1984,81,RADIOLARIA,,,,MODERATE,NO AGE GIVEN,486,RSTYC0021,Stylucyclia sp. (q),9%,  ,4,4b973318afc839ff323a53ffe9c1e626,81-555-6-4
81,555,,6,4,30.0,32.0,43.50,48.31,45,WESTBERG-SMITH,12/1984,81,RADIOLARIA,,,,MODERATE,NO AGE GIVEN,486,RSTYD0065,Stylodictya sp.,1%,  ,5,49ce38439978757efdefc641b8013c4a,81-555-6-4
81,555,,6,4,30.0,32.0,43.50,48.31,45,WESTBERG-SMITH,12/1984,81,RADIOLARIA,,,,MODERATE,NO AGE GIVEN,486,RSTYH0010,Stylosphaera sp.,1%,  ,5,4ed74350db884da127ea8ea8b6855460,81-555-6-4
81,555,,6,4,30.0,32.0,43.50,48.31,45,WESTBERG-SMITH,12/1984,81,RADIOLARIA,,,,MODERATE,NO AGE GIVEN,486,RTHER0010,Theocorys sp.,TRACE,  ,5,419a164157c0916e7ce08ba9ca25c6f8,81-555-6-4
81,555,,6,4,30.0,32.0,43.50,48.31,45,WESTBERG-SMITH,12/1984,81,RADIOLARIA,,,,MODERATE,NO AGE GIVEN,486,RTHEY0014,Theocorythium sp.,TRACE,  ,5,9f8729e3c42f433fa6f771ea5746e693,81-555-6-4
81,555,,6,4,30.0,32.0,43.50,48.31,45,WESTBERG-SMITH,12/1984,81,RADIOLARIA,,,,MODERATE,NO AGE GIVEN,486,RTRIS0020,Tricolospyris sp. (q),TRACE,  ,5,44c5392dde6a98c937a108cd3cde13e5,81-555-6-4
81,555,,6,6,30.0,32.0,43.50,51.31,34,WESTBERG-SMITH,12/1984,81,RADIOLARIA,,,,MODERATE,NO AGE GIVEN,486,RANOM0030,Anomalacantha dentata,1%,  ,1,8274df72cb8d07b61511a278c87dcd57,81-555-6-6
81,555,,6,6,30.0,32.0,43.50,51.31,34,WESTBERG-SMITH,12/1984,81,RADIOLARIA,,,,MODERATE,NO AGE GIVEN,486,RANTY0010,Anthocyrtidium sp.,TRACE,  ,1,9ac5fccc5fd58dd693b9b1f4ddcff6c2,81-555-6-6
81,555,,6,6,30.0,32.0,43.50,51.31,34,WESTBERG-SMITH,12/1984,81,RADIOLARIA,,,,MODERATE,NO AGE GIVEN,486,RBOTS0010,Botryostrobus sp.,1%,  ,1,9271072b5499405d772cba279f0f025b,81-555-6-6
81,555,,6,6,30.0,32.0,43.50,51.31,34,WESTBERG-SMITH,12/1984,81,RADIOLARIA,,,,MODERATE,NO AGE GIVEN,486,RCARO0010,Carpocanistrum sp.,TRACE,  ,1,2bcd1db227f486d7a0660d0cd063a8fb,81-555-6-6
81,555,,6,6,30.0,32.0,43.50,51.31,34,WESTBERG-SMITH,12/1984,81,RADIOLARIA,,,,MODERATE,NO AGE GIVEN,486,RCERA0010,Ceratocyrtis sp.,TRACE,  ,1,efbfab5706a44cef00d40fd2799c164e,81-555-6-6
81,555,,6,6,30.0,32.0,43.50,51.31,34,WESTBERG-SMITH,12/1984,81,RADIOLARIA,,,,MODERATE,NO AGE GIVEN,486,RCORU0060,Cornutella sp.,TRACE,  ,1,65be4479fb28ecf45418c6a76fb12cf5,81-555-6-6
81,555,,6,6,30.0,32.0,43.50,51.31,34,WESTBERG-SMITH,12/1984,81,RADIOLARIA,,,,MODERATE,NO AGE GIVEN,486,RCYRC0070,Cyrtocapsella tetrapera,1%,  ,1,4a24136e56129e56a1ca82acb3a1fe70,81-555-6-6
81,555,,6,6,30.0,32.0,43.50,51.31,34,WESTBERG-SMITH,12/1984,81,RADIOLARIA,,,,MODERATE,NO AGE GIVEN,486,RDICY0030,Dictyoceras virchowii,1%,  ,1,15978823789b959e3870ecf4fb9b7eab,81-555-6-6
81,555,,6,6,30.0,32.0,43.50,51.31,34,WESTBERG-SMITH,12/1984,81,RADIOLARIA,,,,MODERATE,NO AGE GIVEN,486,RDRUP0010,Druppatractus sp.,4%,  ,1,d0efbeeae6c8b54026e9e8060637f077,81-555-6-6
81,555,,6,6,30.0,32.0,43.50,51.31,34,WESTBERG-SMITH,12/1984,81,RADIOLARIA,,,,MODERATE,NO AGE GIVEN,486,REUCE0010,Eucecryphalus sp.,TRACE,  ,1,c1b158e1bb84bff56c0f8bb4563feda6,81-555-6-6
81,555,,6,6,30.0,32.0,43.50,51.31,34,WESTBERG-SMITH,12/1984,81,RADIOLARIA,,,,MODERATE,NO AGE GIVEN,486,REUCY0060,Eucyrtidium cienkowskii,TRACE,  ,2,2810ce6a693cdea512de48fad6de1449,81-555-6-6
81,555,,6,6,30.0,32.0,43.50,51.31,34,WESTBERG-SMITH,12/1984,81,RADIOLARIA,,,,MODERATE,NO AGE GIVEN,486,REUCY0182,Eucyrtidium punctatum,TRACE,  ,2,05d1554780ab2928a908fcda4744cd9d,81-555-6-6
81,555,,6,6,30.0,32.0,43.50,51.31,34,WESTBERG-SMITH,12/1984,81,RADIOLARIA,,,,MODERATE,NO AGE GIVEN,486,RGOND0050,Gondwanaria sp.,TRACE,  ,2,75ec8881cf0be6fccae0cf86d8fcc815,81-555-6-6
81,555,,6,6,30.0,32.0,43.50,51.31,34,WESTBERG-SMITH,12/1984,81,RADIOLARIA,,,,MODERATE,NO AGE GIVEN,486,RHEXA0040,Hexacontium sp.,3%,  ,2,a1c8f5727b6b0f800c287ba5fafd81a4,81-555-6-6
81,555,,6,6,30.0,32.0,43.50,51.31,34,WESTBERG-SMITH,12/1984,81,RADIOLARIA,,,,MODERATE,NO AGE GIVEN,486,RLAMP0050,Lamprocyclas maritalis,TRACE,  ,2,2fc5464e1b6915de711c5a150a8c222d,81-555-6-6
81,555,,6,6,30.0,32.0,43.50,51.31,34,WESTBERG-SMITH,12/1984,81,RADIOLARIA,,,,MODERATE,NO AGE GIVEN,486,RLARP0010,Larcopyle sp.,TRACE,  ,2,52296f831590265f3958ebe188b7e28e,81-555-6-6
81,555,,6,6,30.0,32.0,43.50,51.31,34,WESTBERG-SMITH,12/1984,81,RADIOLARIA,,,,MODERATE,NO AGE GIVEN,486,RLITE0030,Lithelius minor,28%,  ,2,da7a7ad59fb6f3e14b8f3449cf7ca2bc,81-555-6-6
81,555,,6,6,30.0,32.0,43.50,51.31,34,WESTBERG-SMITH,12/1984,81,RADIOLARIA,,,,MODERATE,NO AGE GIVEN,486,RLITR0020,Litharachnium sp.,TRACE,  ,2,1e3b6e3592c7108522aa599e0a691410,81-555-6-6
81,555,,6,6,30.0,32.0,43.50,51.31,34,WESTBERG-SMITH,12/1984,81,RADIOLARIA,,,,MODERATE,NO AGE GIVEN,486,RLOPP0010,Lophophaena sp.,1%,  ,2,4da7493dc314b57aebe522a986b14b74,81-555-6-6
81,555,,6,6,30.0,32.0,43.50,51.31,34,WESTBERG-SMITH,12/1984,81,RADIOLARIA,,,,MODERATE,NO AGE GIVEN,486,RPHOO0060,Phormostichoartus sp.,TRACE,  ,2,e6cdb494e2af38e1b2c985955f67cd81,81-555-6-6
81,555,,6,6,30.0,32.0,43.50,51.31,34,WESTBERG-SMITH,12/1984,81,RADIOLARIA,,,,MODERATE,NO AGE GIVEN,486,RPORO0070,Porodiscus sp.,15%,  ,3,95cb4f98573634ec6eee19b1ad8525c0,81-555-6-6
81,555,,6,6,30.0,32.0,43.50,51.31,34,WESTBERG-SMITH,12/1984,81,RADIOLARIA,,,,MODERATE,NO AGE GIVEN,486,RPSEO0010,Pseudodictyophimus sp.,TRACE,  ,3,b4f8557714a17ef7a6d5e130c28cb158,81-555-6-6
81,555,,6,6,30.0,32.0,43.50,51.31,34,WESTBERG-SMITH,12/1984,81,RADIOLARIA,,,,MODERATE,NO AGE GIVEN,486,RPYLS0010,Pylospira sp.,4%,  ,3,36d98c05b060531a7e083082692e366e,81-555-6-6
81,555,,6,6,30.0,32.0,43.50,51.31,34,WESTBERG-SMITH,12/1984,81,RADIOLARIA,,,,MODERATE,NO AGE GIVEN,486,RSIPA0005,Siphocampe sp.,2%,  ,3,c67c70eaac9e7dbb296b55b0314212f1,81-555-6-6
81,555,,6,6,30.0,32.0,43.50,51.31,34,WESTBERG-SMITH,12/1984,81,RADIOLARIA,,,,MODERATE,NO AGE GIVEN,486,RSPOD0010,Spongodiscus sp.,15%,  ,3,ca5769f38785c759978ef3956c9ef70b,81-555-6-6
81,555,,6,6,30.0,32.0,43.50,51.31,34,WESTBERG-SMITH,12/1984,81,RADIOLARIA,,,,MODERATE,NO AGE GIVEN,486,RSPOO0030,Spongocore sp.,1%,  ,3,7c8c4d03dca90e42e34973183358bca2,81-555-6-6
81,555,,6,6,30.0,32.0,43.50,51.31,34,WESTBERG-SMITH,12/1984,81,RADIOLARIA,,,,MODERATE,NO AGE GIVEN,486,RSTIO0010,Stichocorys sp.,TRACE,  ,3,4bca9d4dadf5025c497c0a384da94426,81-555-6-6
81,555,,6,6,30.0,32.0,43.50,51.31,34,WESTBERG-SMITH,12/1984,81,RADIOLARIA,,,,MODERATE,NO AGE GIVEN,486,RSTIO0050,Stichocorys delmontensis,1%,  ,3,d6469913e88a81f1edbcb0321cf5d189,81-555-6-6
81,555,,6,6,30.0,32.0,43.50,51.31,34,WESTBERG-SMITH,12/1984,81,RADIOLARIA,,,,MODERATE,NO AGE GIVEN,486,RSTIO0070,Stichocorys peregrina,TRACE,  ,3,6195c9cbe8bc9ea33f7b5d60372b3a3a,81-555-6-6
81,555,,6,6,30.0,32.0,43.50,51.31,34,WESTBERG-SMITH,12/1984,81,RADIOLARIA,,,,MODERATE,NO AGE GIVEN,486,RSTYC0021,Stylucyclia sp. (q),4%,  ,3,7109e5e0d905d1f1e02c4956abb5fd53,81-555-6-6
81,555,,6,6,30.0,32.0,43.50,51.31,34,WESTBERG-SMITH,12/1984,81,RADIOLARIA,,,,MODERATE,NO AGE GIVEN,486,RSTYD0065,Stylodictya sp.,TRACE,  ,4,23511bf966c3b50352415116e38a1432,81-555-6-6
81,555,,6,6,30.0,32.0,43.50,51.31,34,WESTBERG-SMITH,12/1984,81,RADIOLARIA,,,,MODERATE,NO AGE GIVEN,486,RSTYH0010,Stylosphaera sp.,TRACE,  ,4,9cf1d9d8450d0a512a5f84d693fe5f5b,81-555-6-6
81,555,,6,6,30.0,32.0,43.50,51.31,34,WESTBERG-SMITH,12/1984,81,RADIOLARIA,,,,MODERATE,NO AGE GIVEN,486,RTHEC0010,Thecosphaera sp.,TRACE,  ,4,73ea2288379cbf791b161a0f3c691276,81-555-6-6
81,555,,6,6,30.0,32.0,43.50,51.31,34,WESTBERG-SMITH,12/1984,81,RADIOLARIA,,,,MODERATE,NO AGE GIVEN,486,RTHER0010,Theocorys sp.,TRACE,  ,4,9447642cdf33873fa71b72e31d63fff5,81-555-6-6
81,555,,7,5,61.0,63.0,53.00,59.62,34,WESTBERG-SMITH,12/1984,81,RADIOLARIA,,,,MODERATE,NO AGE GIVEN,486,RACAT0005,Acanthodesmia sp.,TRACE,  ,1,d64fcc195b6131b0e8a60f2bf26f5f7e,81-555-7-5
81,555,,7,5,61.0,63.0,53.00,59.62,34,WESTBERG-SMITH,12/1984,81,RADIOLARIA,,,,MODERATE,NO AGE GIVEN,486,RACTI0090,Actinomma medianum,TRACE,  ,1,ec38ed87e246e5dc1e581de40807f26b,81-555-7-5
81,555,,7,5,61.0,63.0,53.00,59.62,34,WESTBERG-SMITH,12/1984,81,RADIOLARIA,,,,MODERATE,NO AGE GIVEN,486,RANOM0030,Anomalacantha dentata,TRACE,  ,1,e43ff79b33c6fbfabd85a9a6c5235eb5,81-555-7-5
81,555,,7,5,61.0,63.0,53.00,59.62,34,WESTBERG-SMITH,12/1984,81,RADIOLARIA,,,,MODERATE,NO AGE GIVEN,486,RARAH0010,Arachnocorallium sp.,TRACE,  ,1,81d47fd4cd5a0461b25fb89d056b09b7,81-555-7-5
81,555,,7,5,61.0,63.0,53.00,59.62,34,WESTBERG-SMITH,12/1984,81,RADIOLARIA,,,,MODERATE,NO AGE GIVEN,486,RBOTS0010,Botryostrobus sp.,1%,  ,1,993ffea62a401d7b6b562c3ae982e45f,81-555-7-5
81,555,,7,5,61.0,63.0,53.00,59.62,34,WESTBERG-SMITH,12/1984,81,RADIOLARIA,,,,MODERATE,NO AGE GIVEN,486,RCARO0010,Carpocanistrum sp.,TRACE,  ,1,ad55bc530c17ca7b11babbc0caf7f118,81-555-7-5
81,555,,7,5,61.0,63.0,53.00,59.62,34,WESTBERG-SMITH,12/1984,81,RADIOLARIA,,,,MODERATE,NO AGE GIVEN,486,RCARP0010,Carpocanarium sp.,TRACE,  ,1,94eac2b7e6449090166f584a47a3faf5,81-555-7-5
81,555,,7,5,61.0,63.0,53.00,59.62,34,WESTBERG-SMITH,12/1984,81,RADIOLARIA,,,,MODERATE,NO AGE GIVEN,486,RCERA0010,Ceratocyrtis sp.,1%,  ,1,7845dfa85e3880db946e0fd0d58b928d,81-555-7-5
81,555,,7,5,61.0,63.0,53.00,59.62,34,WESTBERG-SMITH,12/1984,81,RADIOLARIA,,,,MODERATE,NO AGE GIVEN,486,RCERT0010,Ceratospyris sp.,TRACE,  ,1,d4ff6cfd0031494b5896328707e95559,81-555-7-5
81,555,,7,5,61.0,63.0,53.00,59.62,34,WESTBERG-SMITH,12/1984,81,RADIOLARIA,,,,MODERATE,NO AGE GIVEN,486,RCORU0060,Cornutella sp.,1%,  ,1,cabacca4d87ed3da6779ac6b750a8a58,81-555-7-5
81,555,,7,5,61.0,63.0,53.00,59.62,34,WESTBERG-SMITH,12/1984,81,RADIOLARIA,,,,MODERATE,NO AGE GIVEN,486,RCYRC0070,Cyrtocapsella tetrapera,TRACE,  ,2,a29a2214076175e95f621f464e733802,81-555-7-5
81,555,,7,5,61.0,63.0,53.00,59.62,34,WESTBERG-SMITH,12/1984,81,RADIOLARIA,,,,MODERATE,NO AGE GIVEN,486,RDICY0030,Dictyoceras virchowii,1%,  ,2,52b47b87b58f8cb531d7855f3731907c,81-555-7-5
81,555,,7,5,61.0,63.0,53.00,59.62,34,WESTBERG-SMITH,12/1984,81,RADIOLARIA,,,,MODERATE,NO AGE GIVEN,486,RDRUP0010,Druppatractus sp.,3%,  ,2,8eee5f642bc741febc54d7980537ccef,81-555-7-5
81,555,,7,5,61.0,63.0,53.00,59.62,34,WESTBERG-SMITH,12/1984,81,RADIOLARIA,,,,MODERATE,NO AGE GIVEN,486,REUCE0010,Eucecryphalus sp.,TRACE,  ,2,f20ae212c09540e919a03fc218561640,81-555-7-5
81,555,,7,5,61.0,63.0,53.00,59.62,34,WESTBERG-SMITH,12/1984,81,RADIOLARIA,,,,MODERATE,NO AGE GIVEN,486,REUCY0060,Eucyrtidium cienkowskii,TRACE,  ,2,7aa37afa2a8db8d20ca364afaa2f2d1d,81-555-7-5
81,555,,7,5,61.0,63.0,53.00,59.62,34,WESTBERG-SMITH,12/1984,81,RADIOLARIA,,,,MODERATE,NO AGE GIVEN,486,RHEXA0040,Hexacontium sp.,1%,  ,2,a52be97d5e859230bff9c9b3ca297a9b,81-555-7-5
81,555,,7,5,61.0,63.0,53.00,59.62,34,WESTBERG-SMITH,12/1984,81,RADIOLARIA,,,,MODERATE,NO AGE GIVEN,486,RLAMP0050,Lamprocyclas maritalis,TRACE,  ,2,ba99952396eb98d717565ce08d0d7b8c,81-555-7-5
81,555,,7,5,61.0,63.0,53.00,59.62,34,WESTBERG-SMITH,12/1984,81,RADIOLARIA,,,,MODERATE,NO AGE GIVEN,486,RLARP0010,Larcopyle sp.,1%,  ,2,92f2b050d65a90a177ead13171f51d5e,81-555-7-5
81,555,,7,5,61.0,63.0,53.00,59.62,34,WESTBERG-SMITH,12/1984,81,RADIOLARIA,,,,MODERATE,NO AGE GIVEN,486,RLITE0030,Lithelius minor,18%,  ,2,cca46b3b6da6a2763cd78aed3ae85e25,81-555-7-5
81,555,,7,5,61.0,63.0,53.00,59.62,34,WESTBERG-SMITH,12/1984,81,RADIOLARIA,,,,MODERATE,NO AGE GIVEN,486,RLITR0020,Litharachnium sp.,TRACE,  ,2,c8a8403736bfe1061c2fe062912b9af3,81-555-7-5
81,555,,7,5,61.0,63.0,53.00,59.62,34,WESTBERG-SMITH,12/1984,81,RADIOLARIA,,,,MODERATE,NO AGE GIVEN,486,RLOPP0010,Lophophaena sp.,3%,  ,3,1442c4c1a0c8807248e0da3144f4054d,81-555-7-5
81,555,,7,5,61.0,63.0,53.00,59.62,34,WESTBERG-SMITH,12/1984,81,RADIOLARIA,,,,MODERATE,NO AGE GIVEN,486,RPHOO0060,Phormostichoartus sp.,TRACE,  ,3,eefa8673fe195c56f9f72717a97ff31d,81-555-7-5
81,555,,7,5,61.0,63.0,53.00,59.62,34,WESTBERG-SMITH,12/1984,81,RADIOLARIA,,,,MODERATE,NO AGE GIVEN,486,RPORO0070,Porodiscus sp.,18%,  ,3,25e0d69763624adfe98e756d29b480dd,81-555-7-5
81,555,,7,5,61.0,63.0,53.00,59.62,34,WESTBERG-SMITH,12/1984,81,RADIOLARIA,,,,MODERATE,NO AGE GIVEN,486,RPTER0010,Pterocanium sp.,TRACE,  ,3,3388542c255e4a168032fc6323a1083a,81-555-7-5
81,555,,7,5,61.0,63.0,53.00,59.62,34,WESTBERG-SMITH,12/1984,81,RADIOLARIA,,,,MODERATE,NO AGE GIVEN,486,RPYLS0010,Pylospira sp.,9%,  ,3,e1f1bec13f3e4703a8ce1daf242bf20f,81-555-7-5
81,555,,7,5,61.0,63.0,53.00,59.62,34,WESTBERG-SMITH,12/1984,81,RADIOLARIA,,,,MODERATE,NO AGE GIVEN,486,RSIPA0005,Siphocampe sp.,2%,  ,3,07cc8feb8b3dababb7efd8a5db5f3c8b,81-555-7-5
81,555,,7,5,61.0,63.0,53.00,59.62,34,WESTBERG-SMITH,12/1984,81,RADIOLARIA,,,,MODERATE,NO AGE GIVEN,486,RSPOD0010,Spongodiscus sp.,19%,  ,3,002dade82e97962df075ab6dafe87c56,81-555-7-5
81,555,,7,5,61.0,63.0,53.00,59.62,34,WESTBERG-SMITH,12/1984,81,RADIOLARIA,,,,MODERATE,NO AGE GIVEN,486,RSPOO0030,Spongocore sp.,TRACE,  ,3,d4c7efcd4dc9087e8c33914884ec94a2,81-555-7-5
81,555,,7,5,61.0,63.0,53.00,59.62,34,WESTBERG-SMITH,12/1984,81,RADIOLARIA,,,,MODERATE,NO AGE GIVEN,486,RSTIO0050,Stichocorys delmontensis,TRACE,  ,3,9adb8a9f6e4dddf07a71228fb4ecb75d,81-555-7-5
81,555,,7,5,61.0,63.0,53.00,59.62,34,WESTBERG-SMITH,12/1984,81,RADIOLARIA,,,,MODERATE,NO AGE GIVEN,486,RSTIO0070,Stichocorys peregrina,TRACE,  ,3,d99c914be318a46c891fc7971cbf1f43,81-555-7-5
81,555,,7,5,61.0,63.0,53.00,59.62,34,WESTBERG-SMITH,12/1984,81,RADIOLARIA,,,,MODERATE,NO AGE GIVEN,486,RSTYC0021,Stylucyclia sp. (q),7%,  ,4,93f37761c1653c5ca35b6bde5159e077,81-555-7-5
81,555,,7,5,61.0,63.0,53.00,59.62,34,WESTBERG-SMITH,12/1984,81,RADIOLARIA,,,,MODERATE,NO AGE GIVEN,486,RSTYD0065,Stylodictya sp.,3%,  ,4,b7d3d76a67a9774c21421c277e920326,81-555-7-5
81,555,,7,5,61.0,63.0,53.00,59.62,34,WESTBERG-SMITH,12/1984,81,RADIOLARIA,,,,MODERATE,NO AGE GIVEN,486,RSTYH0010,Stylosphaera sp.,TRACE,  ,4,f0a077e51ff9597654322397eb878f50,81-555-7-5
81,555,,7,5,61.0,63.0,53.00,59.62,34,WESTBERG-SMITH,12/1984,81,RADIOLARIA,,,,MODERATE,NO AGE GIVEN,486,RTHEC0010,Thecosphaera sp.,TRACE,  ,4,2f0decda3f883d5b16a31348795b2df9,81-555-7-5
81,555,,7,CC,0.0,0.0,53.00,62.35,45,WESTBERG-SMITH,12/1984,81,RADIOLARIA,,,,GOOD,NO AGE GIVEN,486,RACAT0005,Acanthodesmia sp.,TRACE,  ,1,1e8b4fba0dd6ba435b7b4e151f57c686,81-555-7-CC
81,555,,7,CC,0.0,0.0,53.00,62.35,45,WESTBERG-SMITH,12/1984,81,RADIOLARIA,,,,GOOD,NO AGE GIVEN,486,RACTI0090,Actinomma medianum,TRACE,  ,1,dc5c2f7da20ce5894dc87ab54424da20,81-555-7-CC
81,555,,7,CC,0.0,0.0,53.00,62.35,45,WESTBERG-SMITH,12/1984,81,RADIOLARIA,,,,GOOD,NO AGE GIVEN,486,RANOM0030,Anomalacantha dentata,1%,  ,1,b6f86f9fbefd235f8369691798283e4d,81-555-7-CC
81,555,,7,CC,0.0,0.0,53.00,62.35,45,WESTBERG-SMITH,12/1984,81,RADIOLARIA,,,,GOOD,NO AGE GIVEN,486,RARAH0010,Arachnocorallium sp.,1%,  ,1,08ed0a7b20ae23688d868040ed05698c,81-555-7-CC
81,555,,7,CC,0.0,0.0,53.00,62.35,45,WESTBERG-SMITH,12/1984,81,RADIOLARIA,,,,GOOD,NO AGE GIVEN,486,RBOTS0010,Botryostrobus sp.,3%,  ,1,1c2609553b47756a3cbde126e17afc5c,81-555-7-CC
81,555,,7,CC,0.0,0.0,53.00,62.35,45,WESTBERG-SMITH,12/1984,81,RADIOLARIA,,,,GOOD,NO AGE GIVEN,486,RCARO0010,Carpocanistrum sp.,TRACE,  ,1,aa5157cb7e195df51790c77517cec1d9,81-555-7-CC
81,555,,7,CC,0.0,0.0,53.00,62.35,45,WESTBERG-SMITH,12/1984,81,RADIOLARIA,,,,GOOD,NO AGE GIVEN,486,RCARP0010,Carpocanarium sp.,TRACE,  ,1,f1fa64bf202c35722a05fb311e1b9166,81-555-7-CC
81,555,,7,CC,0.0,0.0,53.00,62.35,45,WESTBERG-SMITH,12/1984,81,RADIOLARIA,,,,GOOD,NO AGE GIVEN,486,RCERA0010,Ceratocyrtis sp.,1%,  ,1,9bbd95ccd5be05bfd80f9b267b547fcb,81-555-7-CC
81,555,,7,CC,0.0,0.0,53.00,62.35,45,WESTBERG-SMITH,12/1984,81,RADIOLARIA,,,,GOOD,NO AGE GIVEN,486,RCERT0010,Ceratospyris sp.,TRACE,  ,1,5ca12e811d6bc66234507d1ea1a2d3d5,81-555-7-CC
81,555,,7,CC,0.0,0.0,53.00,62.35,45,WESTBERG-SMITH,12/1984,81,RADIOLARIA,,,,GOOD,NO AGE GIVEN,486,RCORU0060,Cornutella sp.,1%,  ,1,3407a13e8b5b7aa3e592168ea6da817e,81-555-7-CC
81,555,,7,CC,0.0,0.0,53.00,62.35,45,WESTBERG-SMITH,12/1984,81,RADIOLARIA,,,,GOOD,NO AGE GIVEN,486,RCYRC0070,Cyrtocapsella tetrapera,TRACE,  ,2,734f1ff120ca6d925b88da1482084572,81-555-7-CC
81,555,,7,CC,0.0,0.0,53.00,62.35,45,WESTBERG-SMITH,12/1984,81,RADIOLARIA,,,,GOOD,NO AGE GIVEN,486,RCYRP0010,Cyrtopera languncula,TRACE,  ,2,c35a2f9dded516b6cef19851f020b649,81-555-7-CC
81,555,,7,CC,0.0,0.0,53.00,62.35,45,WESTBERG-SMITH,12/1984,81,RADIOLARIA,,,,GOOD,NO AGE GIVEN,486,RDICY0030,Dictyoceras virchowii,1%,  ,2,4d7bf3b5e9d8e0593433526a51b24639,81-555-7-CC
81,555,,7,CC,0.0,0.0,53.00,62.35,45,WESTBERG-SMITH,12/1984,81,RADIOLARIA,,,,GOOD,NO AGE GIVEN,486,RDRUP0010,Druppatractus sp.,1%,  ,2,5d54f0e3532b1c6f64d80ff29aeb680c,81-555-7-CC
81,555,,7,CC,0.0,0.0,53.00,62.35,45,WESTBERG-SMITH,12/1984,81,RADIOLARIA,,,,GOOD,NO AGE GIVEN,486,REUCE0010,Eucecryphalus sp.,TRACE,  ,2,9a847ff2f56af720c9285acf79bcebce,81-555-7-CC
81,555,,7,CC,0.0,0.0,53.00,62.35,45,WESTBERG-SMITH,12/1984,81,RADIOLARIA,,,,GOOD,NO AGE GIVEN,486,REUCY0050,Eucyrtidium calvertense,TRACE,  ,2,5c06611ff0c6cd1d34142ca38eb9d89f,81-555-7-CC
81,555,,7,CC,0.0,0.0,53.00,62.35,45,WESTBERG-SMITH,12/1984,81,RADIOLARIA,,,,GOOD,NO AGE GIVEN,486,REUCY0060,Eucyrtidium cienkowskii,TRACE,  ,2,5afee5856488ef7835f70a68f0255109,81-555-7-CC
81,555,,7,CC,0.0,0.0,53.00,62.35,45,WESTBERG-SMITH,12/1984,81,RADIOLARIA,,,,GOOD,NO AGE GIVEN,486,REUCY0182,Eucyrtidium punctatum,TRACE,  ,2,744b5768dd58a8ad9fd94816e2461b62,81-555-7-CC
81,555,,7,CC,0.0,0.0,53.00,62.35,45,WESTBERG-SMITH,12/1984,81,RADIOLARIA,,,,GOOD,NO AGE GIVEN,486,RHEXA0040,Hexacontium sp.,1%,  ,2,75954391f27d4f73af28726d50275b50,81-555-7-CC
81,555,,7,CC,0.0,0.0,53.00,62.35,45,WESTBERG-SMITH,12/1984,81,RADIOLARIA,,,,GOOD,NO AGE GIVEN,486,RLAMP0010,Lamprocyclas sp.,TRACE,  ,2,4581f4c8733f40277952a88520f42645,81-555-7-CC
81,555,,7,CC,0.0,0.0,53.00,62.35,45,WESTBERG-SMITH,12/1984,81,RADIOLARIA,,,,GOOD,NO AGE GIVEN,486,RLAMP0050,Lamprocyclas maritalis,TRACE,  ,3,9eb3d58162890e88aac52f90418a5994,81-555-7-CC
81,555,,7,CC,0.0,0.0,53.00,62.35,45,WESTBERG-SMITH,12/1984,81,RADIOLARIA,,,,GOOD,NO AGE GIVEN,486,RLARC0030,Larcospira sp.,TRACE,  ,3,11a182b7dff53e854211fa582c6eaa80,81-555-7-CC
81,555,,7,CC,0.0,0.0,53.00,62.35,45,WESTBERG-SMITH,12/1984,81,RADIOLARIA,,,,GOOD,NO AGE GIVEN,486,RLARP0010,Larcopyle sp.,1%,  ,3,bfd8e8780284c0a9c1b4b3df04b92a24,81-555-7-CC
81,555,,7,CC,0.0,0.0,53.00,62.35,45,WESTBERG-SMITH,12/1984,81,RADIOLARIA,,,,GOOD,NO AGE GIVEN,486,RLITE0030,Lithelius minor,10%,  ,3,e1405274146d3fca0cffbfc007276952,81-555-7-CC
81,555,,7,CC,0.0,0.0,53.00,62.35,45,WESTBERG-SMITH,12/1984,81,RADIOLARIA,,,,GOOD,NO AGE GIVEN,486,RLITR0020,Litharachnium sp.,TRACE,  ,3,f7fbae6cb18f4472052505c24fffe1fc,81-555-7-CC
81,555,,7,CC,0.0,0.0,53.00,62.35,45,WESTBERG-SMITH,12/1984,81,RADIOLARIA,,,,GOOD,NO AGE GIVEN,486,RLOPP0010,Lophophaena sp.,4%,  ,3,9a7930c5374026a8acdfc9d7b1ded036,81-555-7-CC
81,555,,7,CC,0.0,0.0,53.00,62.35,45,WESTBERG-SMITH,12/1984,81,RADIOLARIA,,,,GOOD,NO AGE GIVEN,486,RLOPY0035,Lophocyrtis norvegiensis,TRACE,  ,3,8c09315d7e06a23d07150e5b0ea65129,81-555-7-CC
81,555,,7,CC,0.0,0.0,53.00,62.35,45,WESTBERG-SMITH,12/1984,81,RADIOLARIA,,,,GOOD,NO AGE GIVEN,486,RPHOO0060,Phormostichoartus sp.,TRACE,  ,3,3f1cc7be5305b78d3b8d3b3322c9dfd8,81-555-7-CC
81,555,,7,CC,0.0,0.0,53.00,62.35,45,WESTBERG-SMITH,12/1984,81,RADIOLARIA,,,,GOOD,NO AGE GIVEN,486,RPORO0070,Porodiscus sp.,7%,  ,3,823321bcd444e9f408a3ec93559ea2c0,81-555-7-CC
81,555,,7,CC,0.0,0.0,53.00,62.35,45,WESTBERG-SMITH,12/1984,81,RADIOLARIA,,,,GOOD,NO AGE GIVEN,486,RPSEO0010,Pseudodictyophimus sp.,TRACE,  ,3,749ba9753c9eadabda0798d572874712,81-555-7-CC
81,555,,7,CC,0.0,0.0,53.00,62.35,45,WESTBERG-SMITH,12/1984,81,RADIOLARIA,,,,GOOD,NO AGE GIVEN,486,RPTER0010,Pterocanium sp.,TRACE,  ,4,726c62e447671ab8158eec19e5a7b3f4,81-555-7-CC
81,555,,7,CC,0.0,0.0,53.00,62.35,45,WESTBERG-SMITH,12/1984,81,RADIOLARIA,,,,GOOD,NO AGE GIVEN,486,RPYLS0010,Pylospira sp.,5%,  ,4,86f5cff7f8bd00ab669d69c6712f1165,81-555-7-CC
81,555,,7,CC,0.0,0.0,53.00,62.35,45,WESTBERG-SMITH,12/1984,81,RADIOLARIA,,,,GOOD,NO AGE GIVEN,486,RSIPA0005,Siphocampe sp.,TRACE,  ,4,8a2ba1e000e3ca4e58051e7d713711e1,81-555-7-CC
81,555,,7,CC,0.0,0.0,53.00,62.35,45,WESTBERG-SMITH,12/1984,81,RADIOLARIA,,,,GOOD,NO AGE GIVEN,486,RSPHA0020,Sphaeropyle robusta,TRACE,  ,4,00b0a105f038990bb4fe2803b9e1a324,81-555-7-CC
81,555,,7,CC,0.0,0.0,53.00,62.35,45,WESTBERG-SMITH,12/1984,81,RADIOLARIA,,,,GOOD,NO AGE GIVEN,486,RSPOD0010,Spongodiscus sp.,46%,  ,4,f162126927532c7a19dcf1fe57ee21d4,81-555-7-CC
81,555,,7,CC,0.0,0.0,53.00,62.35,45,WESTBERG-SMITH,12/1984,81,RADIOLARIA,,,,GOOD,NO AGE GIVEN,486,RSPOO0030,Spongocore sp.,TRACE,  ,4,a356f1c574664671671f0f5adfc2b76d,81-555-7-CC
81,555,,7,CC,0.0,0.0,53.00,62.35,45,WESTBERG-SMITH,12/1984,81,RADIOLARIA,,,,GOOD,NO AGE GIVEN,486,RSTIO0010,Stichocorys sp.,TRACE,  ,4,a433852f738cf65c34c197c31ddbb83a,81-555-7-CC
81,555,,7,CC,0.0,0.0,53.00,62.35,45,WESTBERG-SMITH,12/1984,81,RADIOLARIA,,,,GOOD,NO AGE GIVEN,486,RSTIO0050,Stichocorys delmontensis,TRACE,  ,4,9ae304b6601de81d226ffc747e13923f,81-555-7-CC
81,555,,7,CC,0.0,0.0,53.00,62.35,45,WESTBERG-SMITH,12/1984,81,RADIOLARIA,,,,GOOD,NO AGE GIVEN,486,RSTIO0070,Stichocorys peregrina,TRACE,  ,4,51c9af3dbde249aeec8338febef60c60,81-555-7-CC
81,555,,7,CC,0.0,0.0,53.00,62.35,45,WESTBERG-SMITH,12/1984,81,RADIOLARIA,,,,GOOD,NO AGE GIVEN,486,RSTYC0021,Stylucyclia sp. (q),8%,  ,4,e7144904d9143cea570650ef74d1ed2f,81-555-7-CC
81,555,,7,CC,0.0,0.0,53.00,62.35,45,WESTBERG-SMITH,12/1984,81,RADIOLARIA,,,,GOOD,NO AGE GIVEN,486,RSTYD0065,Stylodictya sp.,TRACE,  ,5,0d9d3e661d6477807ab29e50735f9e46,81-555-7-CC
81,555,,7,CC,0.0,0.0,53.00,62.35,45,WESTBERG-SMITH,12/1984,81,RADIOLARIA,,,,GOOD,NO AGE GIVEN,486,RSTYH0010,Stylosphaera sp.,TRACE,  ,5,5c19003c6d1d070acf33f5d8a24853bc,81-555-7-CC
81,555,,7,CC,0.0,0.0,53.00,62.35,45,WESTBERG-SMITH,12/1984,81,RADIOLARIA,,,,GOOD,NO AGE GIVEN,486,RTHEC0010,Thecosphaera sp.,1%,  ,5,82538180d9f7e5c8f4557a98424f062c,81-555-7-CC
81,555,,7,CC,0.0,0.0,53.00,62.35,45,WESTBERG-SMITH,12/1984,81,RADIOLARIA,,,,GOOD,NO AGE GIVEN,486,RTHER0010,Theocorys sp.,TRACE,  ,5,079f7be3ab505057797f6dc8b2ece8b9,81-555-7-CC
81,555,,7,CC,0.0,0.0,53.00,62.35,45,WESTBERG-SMITH,12/1984,81,RADIOLARIA,,,,GOOD,NO AGE GIVEN,486,RZYGO0010,Zygocircus sp.,TRACE,  ,5,86aa33b59f680736d5a6bfe92006cde5,81-555-7-CC
81,555,,8,4,77.0,79.0,62.50,67.78,41,WESTBERG-SMITH,12/1984,81,RADIOLARIA,,,,MODERATE,NO AGE GIVEN,486,RACTI0090,Actinomma medianum,TRACE,  ,1,cd7d0046d4c0cdf6bb8f7a2b3dcf638b,81-555-8-4
81,555,,8,4,77.0,79.0,62.50,67.78,41,WESTBERG-SMITH,12/1984,81,RADIOLARIA,,,,MODERATE,NO AGE GIVEN,486,RANOM0030,Anomalacantha dentata,TRACE,  ,1,bfefcae428d2fbd09459163944b31e23,81-555-8-4
81,555,,8,4,77.0,79.0,62.50,67.78,41,WESTBERG-SMITH,12/1984,81,RADIOLARIA,,,,MODERATE,NO AGE GIVEN,486,RANTY0010,Anthocyrtidium sp.,TRACE,  ,1,d4b3e50eb45a45cbebb86c726bbec1b6,81-555-8-4
81,555,,8,4,77.0,79.0,62.50,67.78,41,WESTBERG-SMITH,12/1984,81,RADIOLARIA,,,,MODERATE,NO AGE GIVEN,486,RARAH0010,Arachnocorallium sp.,1%,  ,1,429b1f2903a023fb401b7a59a3e61980,81-555-8-4
81,555,,8,4,77.0,79.0,62.50,67.78,41,WESTBERG-SMITH,12/1984,81,RADIOLARIA,,,,MODERATE,NO AGE GIVEN,486,RBOTS0010,Botryostrobus sp.,1%,  ,1,e320960e404011c3b5ed40f2fa525094,81-555-8-4
81,555,,8,4,77.0,79.0,62.50,67.78,41,WESTBERG-SMITH,12/1984,81,RADIOLARIA,,,,MODERATE,NO AGE GIVEN,486,RCARO0010,Carpocanistrum sp.,TRACE,  ,1,9e0ffa748fdc93ed87c1b471e5b9cc44,81-555-8-4
81,555,,8,4,77.0,79.0,62.50,67.78,41,WESTBERG-SMITH,12/1984,81,RADIOLARIA,,,,MODERATE,NO AGE GIVEN,486,RCARP0010,Carpocanarium sp.,TRACE,  ,1,5bc1c4347650106c31a54a614e72992b,81-555-8-4
81,555,,8,4,77.0,79.0,62.50,67.78,41,WESTBERG-SMITH,12/1984,81,RADIOLARIA,,,,MODERATE,NO AGE GIVEN,486,RCERA0010,Ceratocyrtis sp.,TRACE,  ,1,c34d8349047d483cb644145aa2bd9d80,81-555-8-4
81,555,,8,4,77.0,79.0,62.50,67.78,41,WESTBERG-SMITH,12/1984,81,RADIOLARIA,,,,MODERATE,NO AGE GIVEN,486,RCERT0010,Ceratospyris sp.,TRACE,  ,1,80ad3e4c773ab148d1375aa881b25f8a,81-555-8-4
81,555,,8,4,77.0,79.0,62.50,67.78,41,WESTBERG-SMITH,12/1984,81,RADIOLARIA,,,,MODERATE,NO AGE GIVEN,486,RCORU0060,Cornutella sp.,1%,  ,1,e3c924fd29e98c25d559eb3f527f2071,81-555-8-4
81,555,,8,4,77.0,79.0,62.50,67.78,41,WESTBERG-SMITH,12/1984,81,RADIOLARIA,,,,MODERATE,NO AGE GIVEN,486,RCYRC0070,Cyrtocapsella tetrapera,TRACE,  ,2,38df7a4599cf54637316cf84164afe6a,81-555-8-4
81,555,,8,4,77.0,79.0,62.50,67.78,41,WESTBERG-SMITH,12/1984,81,RADIOLARIA,,,,MODERATE,NO AGE GIVEN,486,RDICY0030,Dictyoceras virchowii,1%,  ,2,880c1c3a6ce2dde8aa9f6011daa070e9,81-555-8-4
81,555,,8,4,77.0,79.0,62.50,67.78,41,WESTBERG-SMITH,12/1984,81,RADIOLARIA,,,,MODERATE,NO AGE GIVEN,486,RDIDY0005,Didymocyrtis sp.,TRACE,  ,2,90221fd5d156c8d9e795bc8b726f9028,81-555-8-4
81,555,,8,4,77.0,79.0,62.50,67.78,41,WESTBERG-SMITH,12/1984,81,RADIOLARIA,,,,MODERATE,NO AGE GIVEN,486,RDRUP0010,Druppatractus sp.,1%,  ,2,d3bb34d7b18bfe92f5cb0f99344670e7,81-555-8-4
81,555,,8,4,77.0,79.0,62.50,67.78,41,WESTBERG-SMITH,12/1984,81,RADIOLARIA,,,,MODERATE,NO AGE GIVEN,486,REUCE0010,Eucecryphalus sp.,TRACE,  ,2,23765f42464cc93849b9f6fff8fd125f,81-555-8-4
81,555,,8,4,77.0,79.0,62.50,67.78,41,WESTBERG-SMITH,12/1984,81,RADIOLARIA,,,,MODERATE,NO AGE GIVEN,486,REUCY0060,Eucyrtidium cienkowskii,TRACE,  ,2,9a8d1dc7b8d9684df23bb171e5d9e506,81-555-8-4
81,555,,8,4,77.0,79.0,62.50,67.78,41,WESTBERG-SMITH,12/1984,81,RADIOLARIA,,,,MODERATE,NO AGE GIVEN,486,REUCY0182,Eucyrtidium punctatum,TRACE,  ,2,450c3dd9c18ae12337dea2450a550015,81-555-8-4
81,555,,8,4,77.0,79.0,62.50,67.78,41,WESTBERG-SMITH,12/1984,81,RADIOLARIA,,,,MODERATE,NO AGE GIVEN,486,RHEXA0040,Hexacontium sp.,1%,  ,2,ace2acc0496ae2277ec53adfd1ad7ede,81-555-8-4
81,555,,8,4,77.0,79.0,62.50,67.78,41,WESTBERG-SMITH,12/1984,81,RADIOLARIA,,,,MODERATE,NO AGE GIVEN,486,RLARP0010,Larcopyle sp.,TRACE,  ,2,e83fafd4a5c15b6bf63fd22cd4a1aa13,81-555-8-4
81,555,,8,4,77.0,79.0,62.50,67.78,41,WESTBERG-SMITH,12/1984,81,RADIOLARIA,,,,MODERATE,NO AGE GIVEN,486,RLITE0030,Lithelius minor,13%,  ,2,fa34b298dcafc032855cca80e86382e1,81-555-8-4
81,555,,8,4,77.0,79.0,62.50,67.78,41,WESTBERG-SMITH,12/1984,81,RADIOLARIA,,,,MODERATE,NO AGE GIVEN,486,RLITR0020,Litharachnium sp.,TRACE,  ,3,c25339362b8859d09cd8474e09a96285,81-555-8-4
81,555,,8,4,77.0,79.0,62.50,67.78,41,WESTBERG-SMITH,12/1984,81,RADIOLARIA,,,,MODERATE,NO AGE GIVEN,486,RLITX0010,Lithopera bacca,TRACE,  ,3,44fe8ad096ce78a3c361393c6b8ceeb5,81-555-8-4
81,555,,8,4,77.0,79.0,62.50,67.78,41,WESTBERG-SMITH,12/1984,81,RADIOLARIA,,,,MODERATE,NO AGE GIVEN,486,RLITX0030,Lithopera neotera,TRACE,  ,3,ee613643068e85a3e6911a3528bb5b45,81-555-8-4
81,555,,8,4,77.0,79.0,62.50,67.78,41,WESTBERG-SMITH,12/1984,81,RADIOLARIA,,,,MODERATE,NO AGE GIVEN,486,RLITX0040,Lithopera renzae,TRACE,  ,3,c2a2b19aa8a71ce63d7032eaa45fb79d,81-555-8-4
81,555,,8,4,77.0,79.0,62.50,67.78,41,WESTBERG-SMITH,12/1984,81,RADIOLARIA,,,,MODERATE,NO AGE GIVEN,486,RLOPP0010,Lophophaena sp.,1%,  ,3,2b185a1e5998e2c323bd4a51524dd1c7,81-555-8-4
81,555,,8,4,77.0,79.0,62.50,67.78,41,WESTBERG-SMITH,12/1984,81,RADIOLARIA,,,,MODERATE,NO AGE GIVEN,486,RPHOO0060,Phormostichoartus sp.,TRACE,  ,3,2d148d4d714f187cc59f8011e6d82f32,81-555-8-4
81,555,,8,4,77.0,79.0,62.50,67.78,41,WESTBERG-SMITH,12/1984,81,RADIOLARIA,,,,MODERATE,NO AGE GIVEN,486,RPORO0070,Porodiscus sp.,18%,  ,3,d4b75090ab29f6142afbd07629f1b84c,81-555-8-4
81,555,,8,4,77.0,79.0,62.50,67.78,41,WESTBERG-SMITH,12/1984,81,RADIOLARIA,,,,MODERATE,NO AGE GIVEN,486,RPSEO0010,Pseudodictyophimus sp.,TRACE,  ,3,2fd2ad2768ec819c457a233b12202c01,81-555-8-4
81,555,,8,4,77.0,79.0,62.50,67.78,41,WESTBERG-SMITH,12/1984,81,RADIOLARIA,,,,MODERATE,NO AGE GIVEN,486,RPTER0010,Pterocanium sp.,TRACE,  ,3,88937d774be18ee2b24b69d16cb2d321,81-555-8-4
81,555,,8,4,77.0,79.0,62.50,67.78,41,WESTBERG-SMITH,12/1984,81,RADIOLARIA,,,,MODERATE,NO AGE GIVEN,486,RPYLS0010,Pylospira sp.,8%,  ,3,2c6b7306f8ed1bd657fb586e7335fede,81-555-8-4
81,555,,8,4,77.0,79.0,62.50,67.78,41,WESTBERG-SMITH,12/1984,81,RADIOLARIA,,,,MODERATE,NO AGE GIVEN,486,RSIPA0005,Siphocampe sp.,23%,  ,4,d5b4422512a424b4bb05945c6a02a9f4,81-555-8-4
81,555,,8,4,77.0,79.0,62.50,67.78,41,WESTBERG-SMITH,12/1984,81,RADIOLARIA,,,,MODERATE,NO AGE GIVEN,486,RSPOD0010,Spongodiscus sp.,14%,  ,4,d1079bc57308bf2a614d3921b605900b,81-555-8-4
81,555,,8,4,77.0,79.0,62.50,67.78,41,WESTBERG-SMITH,12/1984,81,RADIOLARIA,,,,MODERATE,NO AGE GIVEN,486,RSPOO0030,Spongocore sp.,TRACE,  ,4,f34c6d99d45e0313c0a250fb82529d79,81-555-8-4
81,555,,8,4,77.0,79.0,62.50,67.78,41,WESTBERG-SMITH,12/1984,81,RADIOLARIA,,,,MODERATE,NO AGE GIVEN,486,RSTIO0010,Stichocorys sp.,1%,  ,4,07c730bd9328c51cd5117eeea63d4d9d,81-555-8-4
81,555,,8,4,77.0,79.0,62.50,67.78,41,WESTBERG-SMITH,12/1984,81,RADIOLARIA,,,,MODERATE,NO AGE GIVEN,486,RSTIO0050,Stichocorys delmontensis,TRACE,  ,4,8868475227f2dabba20e05682f104582,81-555-8-4
81,555,,8,4,77.0,79.0,62.50,67.78,41,WESTBERG-SMITH,12/1984,81,RADIOLARIA,,,,MODERATE,NO AGE GIVEN,486,RSTIO0070,Stichocorys peregrina,TRACE,  ,4,83e288ee1fb447a009459fb4a6c42108,81-555-8-4
81,555,,8,4,77.0,79.0,62.50,67.78,41,WESTBERG-SMITH,12/1984,81,RADIOLARIA,,,,MODERATE,NO AGE GIVEN,486,RSTYC0021,Stylucyclia sp. (q),TRACE,  ,4,9586271bcc2bfe7498ec04b61172e645,81-555-8-4
81,555,,8,4,77.0,79.0,62.50,67.78,41,WESTBERG-SMITH,12/1984,81,RADIOLARIA,,,,MODERATE,NO AGE GIVEN,486,RSTYD0065,Stylodictya sp.,2%,  ,4,a6df2ce7679519be5a46ee5dccef14ce,81-555-8-4
81,555,,8,4,77.0,79.0,62.50,67.78,41,WESTBERG-SMITH,12/1984,81,RADIOLARIA,,,,MODERATE,NO AGE GIVEN,486,RSTYH0010,Stylosphaera sp.,TRACE,  ,4,715189a00e236e90d6490fdb63710341,81-555-8-4
81,555,,8,4,77.0,79.0,62.50,67.78,41,WESTBERG-SMITH,12/1984,81,RADIOLARIA,,,,MODERATE,NO AGE GIVEN,486,RTHEC0010,Thecosphaera sp.,2%,  ,4,d3569bc9ac35e635c4be28dc5fdd6398,81-555-8-4
81,555,,8,4,77.0,79.0,62.50,67.78,41,WESTBERG-SMITH,12/1984,81,RADIOLARIA,,,,MODERATE,NO AGE GIVEN,486,RTHER0010,Theocorys sp.,TRACE,  ,5,11b6060883a9529e8d1c4fff64e2a025,81-555-8-4
81,555,,8,6,66.0,68.0,62.50,70.67,41,WESTBERG-SMITH,12/1984,81,RADIOLARIA,,,,MODERATE,NO AGE GIVEN,486,RACTI0090,Actinomma medianum,TRACE,  ,1,d6548b79fe7242f636e7a29e3f2400fb,81-555-8-6
81,555,,8,6,66.0,68.0,62.50,70.67,41,WESTBERG-SMITH,12/1984,81,RADIOLARIA,,,,MODERATE,NO AGE GIVEN,486,RANOM0030,Anomalacantha dentata,1%,  ,1,17a1176774dde5fd6f6b46e2d0eb9cc8,81-555-8-6
81,555,,8,6,66.0,68.0,62.50,70.67,41,WESTBERG-SMITH,12/1984,81,RADIOLARIA,,,,MODERATE,NO AGE GIVEN,486,RANTY0010,Anthocyrtidium sp.,TRACE,  ,1,8a32ff2f20199914b5df4361db297b02,81-555-8-6
81,555,,8,6,66.0,68.0,62.50,70.67,41,WESTBERG-SMITH,12/1984,81,RADIOLARIA,,,,MODERATE,NO AGE GIVEN,486,RARAH0010,Arachnocorallium sp.,TRACE,  ,1,1f2f78faf6e3cb0f15cbf46827df35ea,81-555-8-6
81,555,,8,6,66.0,68.0,62.50,70.67,41,WESTBERG-SMITH,12/1984,81,RADIOLARIA,,,,MODERATE,NO AGE GIVEN,486,RBOTS0010,Botryostrobus sp.,3%,  ,1,408e06cb968ea25508459b4e557cbb6a,81-555-8-6
81,555,,8,6,66.0,68.0,62.50,70.67,41,WESTBERG-SMITH,12/1984,81,RADIOLARIA,,,,MODERATE,NO AGE GIVEN,486,RCARO0010,Carpocanistrum sp.,1%,  ,1,19609e8d795a87bcf28d0d7573ec6b30,81-555-8-6
81,555,,8,6,66.0,68.0,62.50,70.67,41,WESTBERG-SMITH,12/1984,81,RADIOLARIA,,,,MODERATE,NO AGE GIVEN,486,RCARP0010,Carpocanarium sp.,TRACE,  ,1,34b58649bca21c4b1aae8351843a8e30,81-555-8-6
81,555,,8,6,66.0,68.0,62.50,70.67,41,WESTBERG-SMITH,12/1984,81,RADIOLARIA,,,,MODERATE,NO AGE GIVEN,486,RCERA0010,Ceratocyrtis sp.,1%,  ,1,f1f410dc3c5e0fceb7ec7c8bc8af75f6,81-555-8-6
81,555,,8,6,66.0,68.0,62.50,70.67,41,WESTBERG-SMITH,12/1984,81,RADIOLARIA,,,,MODERATE,NO AGE GIVEN,486,RCERT0010,Ceratospyris sp.,TRACE,  ,1,6db7782da35c50a2cc4c0d869f132c67,81-555-8-6
81,555,,8,6,66.0,68.0,62.50,70.67,41,WESTBERG-SMITH,12/1984,81,RADIOLARIA,,,,MODERATE,NO AGE GIVEN,486,RCORU0060,Cornutella sp.,1%,  ,1,0b6f57d7d4184cb4878fdf33741822b5,81-555-8-6
81,555,,8,6,66.0,68.0,62.50,70.67,41,WESTBERG-SMITH,12/1984,81,RADIOLARIA,,,,MODERATE,NO AGE GIVEN,486,RCYRC0060,Cyrtocapsella japonica,TRACE,  ,2,85a4f27438559f76e0d4bac6aa74c470,81-555-8-6
81,555,,8,6,66.0,68.0,62.50,70.67,41,WESTBERG-SMITH,12/1984,81,RADIOLARIA,,,,MODERATE,NO AGE GIVEN,486,RCYRC0070,Cyrtocapsella tetrapera,TRACE,  ,2,42e57804d70b2b9b617f5115066bb46d,81-555-8-6
81,555,,8,6,66.0,68.0,62.50,70.67,41,WESTBERG-SMITH,12/1984,81,RADIOLARIA,,,,MODERATE,NO AGE GIVEN,486,RDESM0010,Desmospyris sp.,TRACE,  ,2,e59ea0af39ecb319feadd479b4addad7,81-555-8-6
81,555,,8,6,66.0,68.0,62.50,70.67,41,WESTBERG-SMITH,12/1984,81,RADIOLARIA,,,,MODERATE,NO AGE GIVEN,486,RDICY0030,Dictyoceras virchowii,1%,  ,2,3cccc44c52dbb3559e836ea04848ba03,81-555-8-6
81,555,,8,6,66.0,68.0,62.50,70.67,41,WESTBERG-SMITH,12/1984,81,RADIOLARIA,,,,MODERATE,NO AGE GIVEN,486,RDRUP0010,Druppatractus sp.,1%,  ,2,addf807086c11cf1adba3a582bdcd0e3,81-555-8-6
81,555,,8,6,66.0,68.0,62.50,70.67,41,WESTBERG-SMITH,12/1984,81,RADIOLARIA,,,,MODERATE,NO AGE GIVEN,486,REUCE0010,Eucecryphalus sp.,TRACE,  ,2,e5082623c9f25e5e100448ebac37f460,81-555-8-6
81,555,,8,6,66.0,68.0,62.50,70.67,41,WESTBERG-SMITH,12/1984,81,RADIOLARIA,,,,MODERATE,NO AGE GIVEN,486,REUCY0010,Eucyrtidium sp.,TRACE,  ,2,6b76a8458641231590206704d269fe84,81-555-8-6
81,555,,8,6,66.0,68.0,62.50,70.67,41,WESTBERG-SMITH,12/1984,81,RADIOLARIA,,,,MODERATE,NO AGE GIVEN,486,REUCY0050,Eucyrtidium calvertense,TRACE,  ,2,ca3eaf222a46cfb0402c0907f09d7b97,81-555-8-6
81,555,,8,6,66.0,68.0,62.50,70.67,41,WESTBERG-SMITH,12/1984,81,RADIOLARIA,,,,MODERATE,NO AGE GIVEN,486,REUCY0060,Eucyrtidium cienkowskii,TRACE,  ,2,0382b4bf35f2cd9a99585113eb127641,81-555-8-6
81,555,,8,6,66.0,68.0,62.50,70.67,41,WESTBERG-SMITH,12/1984,81,RADIOLARIA,,,,MODERATE,NO AGE GIVEN,486,REUCY0182,Eucyrtidium punctatum,TRACE,  ,2,dc61870d4468c0a50ed80fe48b52066e,81-555-8-6
81,555,,8,6,66.0,68.0,62.50,70.67,41,WESTBERG-SMITH,12/1984,81,RADIOLARIA,,,,MODERATE,NO AGE GIVEN,486,RGOND0050,Gondwanaria sp.,TRACE,  ,3,de37cc0afe1b24676d8a329160ccafff,81-555-8-6
81,555,,8,6,66.0,68.0,62.50,70.67,41,WESTBERG-SMITH,12/1984,81,RADIOLARIA,,,,MODERATE,NO AGE GIVEN,486,RHEXA0040,Hexacontium sp.,TRACE,  ,3,a244e7490228b4c0d5eab1f10e8a8af9,81-555-8-6
81,555,,8,6,66.0,68.0,62.50,70.67,41,WESTBERG-SMITH,12/1984,81,RADIOLARIA,,,,MODERATE,NO AGE GIVEN,486,RLAMP0010,Lamprocyclas sp.,TRACE,  ,3,b2b06a8d8f96c4cbb647c5568a96253f,81-555-8-6
81,555,,8,6,66.0,68.0,62.50,70.67,41,WESTBERG-SMITH,12/1984,81,RADIOLARIA,,,,MODERATE,NO AGE GIVEN,486,RLAMP0010,Lamprocyclas sp.,TRACE,  ,3,813021a40cdc72c4ee0f786bf4d999b7,81-555-8-6
81,555,,8,6,66.0,68.0,62.50,70.67,41,WESTBERG-SMITH,12/1984,81,RADIOLARIA,,,,MODERATE,NO AGE GIVEN,486,RLITE0030,Lithelius minor,13%,  ,3,7748c15ad9598d0f42dec53b7fbfbb65,81-555-8-6
81,555,,8,6,66.0,68.0,62.50,70.67,41,WESTBERG-SMITH,12/1984,81,RADIOLARIA,,,,MODERATE,NO AGE GIVEN,486,RLITR0020,Litharachnium sp.,TRACE,  ,3,4fb1f8607c3c82aaae70d09d794d1153,81-555-8-6
81,555,,8,6,66.0,68.0,62.50,70.67,41,WESTBERG-SMITH,12/1984,81,RADIOLARIA,,,,MODERATE,NO AGE GIVEN,486,RLOPP0010,Lophophaena sp.,7%,  ,3,c8c91acb6f5d6ccedc56b7f18368d63c,81-555-8-6
81,555,,8,6,66.0,68.0,62.50,70.67,41,WESTBERG-SMITH,12/1984,81,RADIOLARIA,,,,MODERATE,NO AGE GIVEN,486,RPHOO0060,Phormostichoartus sp.,TRACE,  ,3,d014a73a09f8e365fdcb3ea35d1a6a09,81-555-8-6
81,555,,8,6,66.0,68.0,62.50,70.67,41,WESTBERG-SMITH,12/1984,81,RADIOLARIA,,,,MODERATE,NO AGE GIVEN,486,RPORO0070,Porodiscus sp.,18%,  ,3,ee7c9cb88574a3d24bd811dcb46d3555,81-555-8-6
81,555,,8,6,66.0,68.0,62.50,70.67,41,WESTBERG-SMITH,12/1984,81,RADIOLARIA,,,,MODERATE,NO AGE GIVEN,486,RPSEO0010,Pseudodictyophimus sp.,TRACE,  ,3,e1727e77df122782920142ba0356addc,81-555-8-6
81,555,,8,6,66.0,68.0,62.50,70.67,41,WESTBERG-SMITH,12/1984,81,RADIOLARIA,,,,MODERATE,NO AGE GIVEN,486,RPTER0010,Pterocanium sp.,1%,  ,4,5456750c27609918356bf21bf35e5a1a,81-555-8-6
81,555,,8,6,66.0,68.0,62.50,70.67,41,WESTBERG-SMITH,12/1984,81,RADIOLARIA,,,,MODERATE,NO AGE GIVEN,486,RPYLS0010,Pylospira sp.,7%,  ,4,507a825b610e8cb39f93e6e941138cd7,81-555-8-6
81,555,,8,6,66.0,68.0,62.50,70.67,41,WESTBERG-SMITH,12/1984,81,RADIOLARIA,,,,MODERATE,NO AGE GIVEN,486,RSIPA0005,Siphocampe sp.,9%,  ,4,5514d02d179977c26b97646e1b7e142c,81-555-8-6
81,555,,8,6,66.0,68.0,62.50,70.67,41,WESTBERG-SMITH,12/1984,81,RADIOLARIA,,,,MODERATE,NO AGE GIVEN,486,RSPOD0010,Spongodiscus sp.,13%,  ,4,8b738293c8550c4d0483ac99eec5885c,81-555-8-6
81,555,,8,6,66.0,68.0,62.50,70.67,41,WESTBERG-SMITH,12/1984,81,RADIOLARIA,,,,MODERATE,NO AGE GIVEN,486,RSPOO0030,Spongocore sp.,TRACE,  ,4,6cb1251066e601850c3214eb0da01ac4,81-555-8-6
81,555,,8,6,66.0,68.0,62.50,70.67,41,WESTBERG-SMITH,12/1984,81,RADIOLARIA,,,,MODERATE,NO AGE GIVEN,486,RSTIO0050,Stichocorys delmontensis,TRACE,  ,4,be7eed35111e9668c316e2e4e46f4ab9,81-555-8-6
81,555,,8,6,66.0,68.0,62.50,70.67,41,WESTBERG-SMITH,12/1984,81,RADIOLARIA,,,,MODERATE,NO AGE GIVEN,486,RSTIO0070,Stichocorys peregrina,TRACE,  ,4,d8c3755b8d1299ab22593e8ab5ab3811,81-555-8-6
81,555,,8,6,66.0,68.0,62.50,70.67,41,WESTBERG-SMITH,12/1984,81,RADIOLARIA,,,,MODERATE,NO AGE GIVEN,486,RSTYC0021,Stylucyclia sp. (q),10%,  ,4,75df0c81b8f4e57a0abdf11f56d877e1,81-555-8-6
81,555,,8,6,66.0,68.0,62.50,70.67,41,WESTBERG-SMITH,12/1984,81,RADIOLARIA,,,,MODERATE,NO AGE GIVEN,486,RSTYH0010,Stylosphaera sp.,TRACE,  ,4,37a0e59d18cfa0eefa0c814e43ac4d4b,81-555-8-6
81,555,,8,6,66.0,68.0,62.50,70.67,41,WESTBERG-SMITH,12/1984,81,RADIOLARIA,,,,MODERATE,NO AGE GIVEN,486,RTHEC0010,Thecosphaera sp.,TRACE,  ,4,2f152086deb28041584d99288a433995,81-555-8-6
81,555,,8,6,66.0,68.0,62.50,70.67,41,WESTBERG-SMITH,12/1984,81,RADIOLARIA,,,,MODERATE,NO AGE GIVEN,486,RZYGO0010,Zygocircus sp.,TRACE,  ,5,e1a1008a022e8a68a7257fd8d003f58e,81-555-8-6
81,555,,11,3,92.0,94.0,129.00,132.93,28,WESTBERG-SMITH,12/1984,81,RADIOLARIA,,,,MODERATE,NO AGE GIVEN,486,RCARO0010,Carpocanistrum sp.,1%,  ,1,c8a4c2c7d8856bd205ab202e91ddebf4,81-555-11-3
81,555,,11,3,92.0,94.0,129.00,132.93,28,WESTBERG-SMITH,12/1984,81,RADIOLARIA,,,,MODERATE,NO AGE GIVEN,486,RCARP0010,Carpocanarium sp.,TRACE,  ,1,50a279177f042b1f091eec8ab3b21346,81-555-11-3
81,555,,11,3,92.0,94.0,129.00,132.93,28,WESTBERG-SMITH,12/1984,81,RADIOLARIA,,,,MODERATE,NO AGE GIVEN,486,RCERA0010,Ceratocyrtis sp.,TRACE,  ,1,525395a541edbe594d252dff63a2008e,81-555-11-3
81,555,,11,3,92.0,94.0,129.00,132.93,28,WESTBERG-SMITH,12/1984,81,RADIOLARIA,,,,MODERATE,NO AGE GIVEN,486,RCERT0010,Ceratospyris sp.,1%,  ,1,76d2a897a131a3c7e020f041ab663516,81-555-11-3
81,555,,11,3,92.0,94.0,129.00,132.93,28,WESTBERG-SMITH,12/1984,81,RADIOLARIA,,,,MODERATE,NO AGE GIVEN,486,RCORU0060,Cornutella sp.,1%,  ,1,2195b3e19a7c24e0e37b3824fb2d94fd,81-555-11-3
81,555,,11,3,92.0,94.0,129.00,132.93,28,WESTBERG-SMITH,12/1984,81,RADIOLARIA,,,,MODERATE,NO AGE GIVEN,486,RCYRC0060,Cyrtocapsella japonica,2%,  ,1,5fae26dd00e982b8511691e57d1282c9,81-555-11-3
81,555,,11,3,92.0,94.0,129.00,132.93,28,WESTBERG-SMITH,12/1984,81,RADIOLARIA,,,,MODERATE,NO AGE GIVEN,486,RDESM0010,Desmospyris sp.,TRACE,  ,1,d801a57b3447d5bcb6851a4cf18c5f04,81-555-11-3
81,555,,11,3,92.0,94.0,129.00,132.93,28,WESTBERG-SMITH,12/1984,81,RADIOLARIA,,,,MODERATE,NO AGE GIVEN,486,RDICY0030,Dictyoceras virchowii,TRACE,  ,1,e5bf2c8b86869a5ed0d51c111904044a,81-555-11-3
81,555,,11,3,92.0,94.0,129.00,132.93,28,WESTBERG-SMITH,12/1984,81,RADIOLARIA,,,,MODERATE,NO AGE GIVEN,486,RDIDY0005,Didymocyrtis sp.,1%,  ,1,ce30cbf25ab1996b0cf1c0a5b2baf863,81-555-11-3
81,555,,11,3,92.0,94.0,129.00,132.93,28,WESTBERG-SMITH,12/1984,81,RADIOLARIA,,,,MODERATE,NO AGE GIVEN,486,RDIDY0030,Didymocyrtis laticonus,TRACE,  ,1,917cd3025cb56cd0661a013edf75c077,81-555-11-3
81,555,,11,3,92.0,94.0,129.00,132.93,28,WESTBERG-SMITH,12/1984,81,RADIOLARIA,,,,MODERATE,NO AGE GIVEN,486,RDRUP0010,Druppatractus sp.,7%,  ,2,64c30545b940c5333ae97c724f6456c0,81-555-11-3
81,555,,11,3,92.0,94.0,129.00,132.93,28,WESTBERG-SMITH,12/1984,81,RADIOLARIA,,,,MODERATE,NO AGE GIVEN,486,REUCY0060,Eucyrtidium cienkowskii,TRACE,  ,2,d7a21d54a7b28a12fcf04d8408aa775d,81-555-11-3
81,555,,11,3,92.0,94.0,129.00,132.93,28,WESTBERG-SMITH,12/1984,81,RADIOLARIA,,,,MODERATE,NO AGE GIVEN,486,RHEXA0040,Hexacontium sp.,1%,  ,2,c9a7306e8ff3c5d7cc8b990fa4919e8a,81-555-11-3
81,555,,11,3,92.0,94.0,129.00,132.93,28,WESTBERG-SMITH,12/1984,81,RADIOLARIA,,,,MODERATE,NO AGE GIVEN,486,RLAMP0010,Lamprocyclas sp.,TRACE,  ,2,fb2245edc13c5df0fafb6eaab6b11db7,81-555-11-3
81,555,,11,3,92.0,94.0,129.00,132.93,28,WESTBERG-SMITH,12/1984,81,RADIOLARIA,,,,MODERATE,NO AGE GIVEN,486,RLITE0030,Lithelius minor,34%,  ,2,4baa3e94d0a49921f08da6d89de30d50,81-555-11-3
81,555,,11,3,92.0,94.0,129.00,132.93,28,WESTBERG-SMITH,12/1984,81,RADIOLARIA,,,,MODERATE,NO AGE GIVEN,486,RLITR0020,Litharachnium sp.,TRACE,  ,2,8e2c3e78e02d750c8e40377692a7a486,81-555-11-3
81,555,,11,3,92.0,94.0,129.00,132.93,28,WESTBERG-SMITH,12/1984,81,RADIOLARIA,,,,MODERATE,NO AGE GIVEN,486,RLITX0010,Lithopera bacca,TRACE,  ,2,dbeb160a7daac693e45239f6eca5ddd6,81-555-11-3
81,555,,11,3,92.0,94.0,129.00,132.93,28,WESTBERG-SMITH,12/1984,81,RADIOLARIA,,,,MODERATE,NO AGE GIVEN,486,RLOPP0010,Lophophaena sp.,2%,  ,2,98b174298f26791c159fa8646be1a5f5,81-555-11-3
81,555,,11,3,92.0,94.0,129.00,132.93,28,WESTBERG-SMITH,12/1984,81,RADIOLARIA,,,,MODERATE,NO AGE GIVEN,486,RPHOO0060,Phormostichoartus sp.,TRACE,  ,2,a48a1b10a6fdf0197d31f4b62a487afe,81-555-11-3
81,555,,11,3,92.0,94.0,129.00,132.93,28,WESTBERG-SMITH,12/1984,81,RADIOLARIA,,,,MODERATE,NO AGE GIVEN,486,RPORO0070,Porodiscus sp.,18%,  ,2,032e0cc240ed2c683ba8a00fbae7328d,81-555-11-3
81,555,,11,3,92.0,94.0,129.00,132.93,28,WESTBERG-SMITH,12/1984,81,RADIOLARIA,,,,MODERATE,NO AGE GIVEN,486,RPSEO0010,Pseudodictyophimus sp.,TRACE,  ,3,751d556d02155871533d48386c7421ec,81-555-11-3
81,555,,11,3,92.0,94.0,129.00,132.93,28,WESTBERG-SMITH,12/1984,81,RADIOLARIA,,,,MODERATE,NO AGE GIVEN,486,RPYLS0010,Pylospira sp.,3%,  ,3,09ae4b1a46cb90c3b788bf430cc295f3,81-555-11-3
81,555,,11,3,92.0,94.0,129.00,132.93,28,WESTBERG-SMITH,12/1984,81,RADIOLARIA,,,,MODERATE,NO AGE GIVEN,486,RSIPA0005,Siphocampe sp.,2%,  ,3,db88ff579e3f9a70852491ba6f9f7984,81-555-11-3
81,555,,11,3,92.0,94.0,129.00,132.93,28,WESTBERG-SMITH,12/1984,81,RADIOLARIA,,,,MODERATE,NO AGE GIVEN,486,RSPOD0010,Spongodiscus sp.,19%,  ,3,671020e128cac7076ee1663dd86f3280,81-555-11-3
81,555,,11,3,92.0,94.0,129.00,132.93,28,WESTBERG-SMITH,12/1984,81,RADIOLARIA,,,,MODERATE,NO AGE GIVEN,486,RSTIO0050,Stichocorys delmontensis,TRACE,  ,3,8979147da2be2906057ba132baded7ba,81-555-11-3
81,555,,11,3,92.0,94.0,129.00,132.93,28,WESTBERG-SMITH,12/1984,81,RADIOLARIA,,,,MODERATE,NO AGE GIVEN,486,RSTYD0065,Stylodictya sp.,2%,  ,3,a4b41c449e6bb32eae432f3cfbefdfbe,81-555-11-3
81,555,,11,3,92.0,94.0,129.00,132.93,28,WESTBERG-SMITH,12/1984,81,RADIOLARIA,,,,MODERATE,NO AGE GIVEN,486,RSTYH0010,Stylosphaera sp.,TRACE,  ,3,318c7ee9e75529a9e8fdf875d9ddb109,81-555-11-3
81,555,,11,3,92.0,94.0,129.00,132.93,28,WESTBERG-SMITH,12/1984,81,RADIOLARIA,,,,MODERATE,NO AGE GIVEN,486,RTHEC0010,Thecosphaera sp.,TRACE,  ,3,04d92c1b14c889da0f1e0d2b3ee96bb8,81-555-11-3
81,555,,11,CC,0.0,0.0,129.00,133.43,35,WESTBERG-SMITH,12/1984,81,RADIOLARIA,,,,MODERATE,NO AGE GIVEN,486,RANOM0030,Anomalacantha dentata,TRACE,  ,1,0393d676a29041b5889042d2730928b9,81-555-11-CC
81,555,,11,CC,0.0,0.0,129.00,133.43,35,WESTBERG-SMITH,12/1984,81,RADIOLARIA,,,,MODERATE,NO AGE GIVEN,486,RANTY0010,Anthocyrtidium sp.,TRACE,  ,1,ac1dd0302165d62c53604d4b39da79c3,81-555-11-CC
81,555,,11,CC,0.0,0.0,129.00,133.43,35,WESTBERG-SMITH,12/1984,81,RADIOLARIA,,,,MODERATE,NO AGE GIVEN,486,RARAH0010,Arachnocorallium sp.,1%,  ,1,a3fdd9bca45e85de97a8a1e8449b1e54,81-555-11-CC
81,555,,11,CC,0.0,0.0,129.00,133.43,35,WESTBERG-SMITH,12/1984,81,RADIOLARIA,,,,MODERATE,NO AGE GIVEN,486,RBOTS0010,Botryostrobus sp.,TRACE,  ,1,ca52eeeac6a128bd8a582a38edb8f8af,81-555-11-CC
81,555,,11,CC,0.0,0.0,129.00,133.43,35,WESTBERG-SMITH,12/1984,81,RADIOLARIA,,,,MODERATE,NO AGE GIVEN,486,RCARO0010,Carpocanistrum sp.,TRACE,  ,1,a4940dd06f68858d32829a807d964e2f,81-555-11-CC
81,555,,11,CC,0.0,0.0,129.00,133.43,35,WESTBERG-SMITH,12/1984,81,RADIOLARIA,,,,MODERATE,NO AGE GIVEN,486,RCARP0010,Carpocanarium sp.,TRACE,  ,1,6f2b5a3badda7c0736c1ae9f0b5dc6f1,81-555-11-CC
81,555,,11,CC,0.0,0.0,129.00,133.43,35,WESTBERG-SMITH,12/1984,81,RADIOLARIA,,,,MODERATE,NO AGE GIVEN,486,RCERT0010,Ceratospyris sp.,TRACE,  ,1,20396872284b6eecb7c63c5bbf205bb6,81-555-11-CC
81,555,,11,CC,0.0,0.0,129.00,133.43,35,WESTBERG-SMITH,12/1984,81,RADIOLARIA,,,,MODERATE,NO AGE GIVEN,486,RCORU0060,Cornutella sp.,TRACE,  ,1,080ffe81f52357a2097241195b3f04b6,81-555-11-CC
81,555,,11,CC,0.0,0.0,129.00,133.43,35,WESTBERG-SMITH,12/1984,81,RADIOLARIA,,,,MODERATE,NO AGE GIVEN,486,RCYRC0060,Cyrtocapsella japonica,3%,  ,1,1575fb30a3fa682ff60f5b9f0f272ef7,81-555-11-CC
81,555,,11,CC,0.0,0.0,129.00,133.43,35,WESTBERG-SMITH,12/1984,81,RADIOLARIA,,,,MODERATE,NO AGE GIVEN,486,RCYRC0070,Cyrtocapsella tetrapera,TRACE,  ,1,71e0b5e31c894be15730538a6ed5e44f,81-555-11-CC
81,555,,11,CC,0.0,0.0,129.00,133.43,35,WESTBERG-SMITH,12/1984,81,RADIOLARIA,,,,MODERATE,NO AGE GIVEN,486,RDESM0010,Desmospyris sp.,TRACE,  ,2,2d04a652232467a1210234ec381027a5,81-555-11-CC
81,555,,11,CC,0.0,0.0,129.00,133.43,35,WESTBERG-SMITH,12/1984,81,RADIOLARIA,,,,MODERATE,NO AGE GIVEN,486,RDICY0030,Dictyoceras virchowii,TRACE,  ,2,5f993d45e3fe3a04080e4f12436d560b,81-555-11-CC
81,555,,11,CC,0.0,0.0,129.00,133.43,35,WESTBERG-SMITH,12/1984,81,RADIOLARIA,,,,MODERATE,NO AGE GIVEN,486,RDIDY0005,Didymocyrtis sp.,TRACE,  ,2,32198a96350451f3abb9686cc831a4c6,81-555-11-CC
81,555,,11,CC,0.0,0.0,129.00,133.43,35,WESTBERG-SMITH,12/1984,81,RADIOLARIA,,,,MODERATE,NO AGE GIVEN,486,RDIDY0007,Didymocyrtis antepenultima,TRACE,  ,2,babb9c2992712ec371a5d04041e31aa6,81-555-11-CC
81,555,,11,CC,0.0,0.0,129.00,133.43,35,WESTBERG-SMITH,12/1984,81,RADIOLARIA,,,,MODERATE,NO AGE GIVEN,486,RDRUP0010,Druppatractus sp.,9%,  ,2,7f786831f8f99127a7acf658d652598f,81-555-11-CC
81,555,,11,CC,0.0,0.0,129.00,133.43,35,WESTBERG-SMITH,12/1984,81,RADIOLARIA,,,,MODERATE,NO AGE GIVEN,486,REUCY0060,Eucyrtidium cienkowskii,TRACE,  ,2,2a65e2010e8f01c6a6f41140c0b60cf2,81-555-11-CC
81,555,,11,CC,0.0,0.0,129.00,133.43,35,WESTBERG-SMITH,12/1984,81,RADIOLARIA,,,,MODERATE,NO AGE GIVEN,486,REUCY0182,Eucyrtidium punctatum,TRACE,  ,2,db259b05196489b3e931031634688776,81-555-11-CC
81,555,,11,CC,0.0,0.0,129.00,133.43,35,WESTBERG-SMITH,12/1984,81,RADIOLARIA,,,,MODERATE,NO AGE GIVEN,486,RHEXA0040,Hexacontium sp.,TRACE,  ,2,ad5ac10cdbefa4f0a2b7023b361068ef,81-555-11-CC
81,555,,11,CC,0.0,0.0,129.00,133.43,35,WESTBERG-SMITH,12/1984,81,RADIOLARIA,,,,MODERATE,NO AGE GIVEN,486,RLAMP0010,Lamprocyclas sp.,TRACE,  ,2,60c0811f6c61fb180c68303d448c7805,81-555-11-CC
81,555,,11,CC,0.0,0.0,129.00,133.43,35,WESTBERG-SMITH,12/1984,81,RADIOLARIA,,,,MODERATE,NO AGE GIVEN,486,RLARP0010,Larcopyle sp.,TRACE,  ,2,8e079a037f75f9461235c0bde8afb6cc,81-555-11-CC
81,555,,11,CC,0.0,0.0,129.00,133.43,35,WESTBERG-SMITH,12/1984,81,RADIOLARIA,,,,MODERATE,NO AGE GIVEN,486,RLITE0030,Lithelius minor,42%,  ,3,4c00c1cd36ab21188bcd1875c3882c52,81-555-11-CC
81,555,,11,CC,0.0,0.0,129.00,133.43,35,WESTBERG-SMITH,12/1984,81,RADIOLARIA,,,,MODERATE,NO AGE GIVEN,486,RLITR0020,Litharachnium sp.,TRACE,  ,3,e56b21efea34e080b0f92845ce4d1f73,81-555-11-CC
81,555,,11,CC,0.0,0.0,129.00,133.43,35,WESTBERG-SMITH,12/1984,81,RADIOLARIA,,,,MODERATE,NO AGE GIVEN,486,RLITX0010,Lithopera bacca,TRACE,  ,3,353b849ff30fb0926baab611dfe0456b,81-555-11-CC
81,555,,11,CC,0.0,0.0,129.00,133.43,35,WESTBERG-SMITH,12/1984,81,RADIOLARIA,,,,MODERATE,NO AGE GIVEN,486,RLITX0030,Lithopera neotera,TRACE,  ,3,98d00c7f939bf04131d483692660374c,81-555-11-CC
81,555,,11,CC,0.0,0.0,129.00,133.43,35,WESTBERG-SMITH,12/1984,81,RADIOLARIA,,,,MODERATE,NO AGE GIVEN,486,RLOPP0010,Lophophaena sp.,2%,  ,3,7854379705c923016b042d6858e39393,81-555-11-CC
81,555,,11,CC,0.0,0.0,129.00,133.43,35,WESTBERG-SMITH,12/1984,81,RADIOLARIA,,,,MODERATE,NO AGE GIVEN,486,RPORO0070,Porodiscus sp.,11%,  ,3,aa14d7f72acb04c24894ca3c117fe0cc,81-555-11-CC
81,555,,11,CC,0.0,0.0,129.00,133.43,35,WESTBERG-SMITH,12/1984,81,RADIOLARIA,,,,MODERATE,NO AGE GIVEN,486,RPTER0010,Pterocanium sp.,TRACE,  ,3,b88cfb5e1d78fd0d70256201d59296ea,81-555-11-CC
81,555,,11,CC,0.0,0.0,129.00,133.43,35,WESTBERG-SMITH,12/1984,81,RADIOLARIA,,,,MODERATE,NO AGE GIVEN,486,RPYLS0010,Pylospira sp.,1%,  ,3,730073a7b84fd288553c3fd5b4d883bd,81-555-11-CC
81,555,,11,CC,0.0,0.0,129.00,133.43,35,WESTBERG-SMITH,12/1984,81,RADIOLARIA,,,,MODERATE,NO AGE GIVEN,486,RSIPA0005,Siphocampe sp.,3%,  ,3,31ca058c8789315f57e633714bb55f5d,81-555-11-CC
81,555,,11,CC,0.0,0.0,129.00,133.43,35,WESTBERG-SMITH,12/1984,81,RADIOLARIA,,,,MODERATE,NO AGE GIVEN,486,RSPOD0010,Spongodiscus sp.,17%,  ,3,772e2624492761f939af8212dbe741c0,81-555-11-CC
81,555,,11,CC,0.0,0.0,129.00,133.43,35,WESTBERG-SMITH,12/1984,81,RADIOLARIA,,,,MODERATE,NO AGE GIVEN,486,RSTIO0050,Stichocorys delmontensis,TRACE,  ,4,54e0cccb6c7dc43cab31908d9a41b882,81-555-11-CC
81,555,,11,CC,0.0,0.0,129.00,133.43,35,WESTBERG-SMITH,12/1984,81,RADIOLARIA,,,,MODERATE,NO AGE GIVEN,486,RSTYC0021,Stylucyclia sp. (q),1%,  ,4,998462fc06a3731944074c33eeb03e14,81-555-11-CC
81,555,,11,CC,0.0,0.0,129.00,133.43,35,WESTBERG-SMITH,12/1984,81,RADIOLARIA,,,,MODERATE,NO AGE GIVEN,486,RSTYD0065,Stylodictya sp.,1%,  ,4,530c2cf92c0711a0e4368247c9ff0959,81-555-11-CC
81,555,,11,CC,0.0,0.0,129.00,133.43,35,WESTBERG-SMITH,12/1984,81,RADIOLARIA,,,,MODERATE,NO AGE GIVEN,486,RSTYH0010,Stylosphaera sp.,1%,  ,4,4e661610e673914fe5e3aa29e865f4b7,81-555-11-CC
81,555,,11,CC,0.0,0.0,129.00,133.43,35,WESTBERG-SMITH,12/1984,81,RADIOLARIA,,,,MODERATE,NO AGE GIVEN,486,RTHEC0010,Thecosphaera sp.,TRACE,  ,4,daaff0e54d13a7876c9a00122a4e1c42,81-555-11-CC
81,555,,13,1,22.0,24.0,148.00,148.23,45,WESTBERG-SMITH,12/1984,81,RADIOLARIA,,,,MODERATE,NO AGE GIVEN,486,RANOM0030,Anomalacantha dentata,TRACE,  ,1,84228304c8d3a2cf1df85e54672dbc9b,81-555-13-1
81,555,,13,1,22.0,24.0,148.00,148.23,45,WESTBERG-SMITH,12/1984,81,RADIOLARIA,,,,MODERATE,NO AGE GIVEN,486,RANTY0010,Anthocyrtidium sp.,TRACE,  ,1,79fd9d9a5fc400d1e2d783a1eefe539e,81-555-13-1
81,555,,13,1,22.0,24.0,148.00,148.23,45,WESTBERG-SMITH,12/1984,81,RADIOLARIA,,,,MODERATE,NO AGE GIVEN,486,RARAH0010,Arachnocorallium sp.,TRACE,  ,1,62aa90b49c4d61d282d557713dc5d63d,81-555-13-1
81,555,,13,1,22.0,24.0,148.00,148.23,45,WESTBERG-SMITH,12/1984,81,RADIOLARIA,,,,MODERATE,NO AGE GIVEN,486,RBOTS0010,Botryostrobus sp.,TRACE,  ,1,5ec3e0bdf4d4197f597a586e87368e2c,81-555-13-1
81,555,,13,1,22.0,24.0,148.00,148.23,45,WESTBERG-SMITH,12/1984,81,RADIOLARIA,,,,MODERATE,NO AGE GIVEN,486,RCARO0010,Carpocanistrum sp.,1%,  ,1,79dbde1bd2a3bb8378d32c264a5ae4a7,81-555-13-1
81,555,,13,1,22.0,24.0,148.00,148.23,45,WESTBERG-SMITH,12/1984,81,RADIOLARIA,,,,MODERATE,NO AGE GIVEN,486,RCARP0010,Carpocanarium sp.,TRACE,  ,1,4aaf177614fffc9e04c5031d2ce3e889,81-555-13-1
81,555,,13,1,22.0,24.0,148.00,148.23,45,WESTBERG-SMITH,12/1984,81,RADIOLARIA,,,,MODERATE,NO AGE GIVEN,486,RCERA0010,Ceratocyrtis sp.,TRACE,  ,1,75243da2e9bb3ed901bef46fc954717a,81-555-13-1
81,555,,13,1,22.0,24.0,148.00,148.23,45,WESTBERG-SMITH,12/1984,81,RADIOLARIA,,,,MODERATE,NO AGE GIVEN,486,RCERT0010,Ceratospyris sp.,1%,  ,1,b00d4559a1bc7c548ff0efdf4d69fbe9,81-555-13-1
81,555,,13,1,22.0,24.0,148.00,148.23,45,WESTBERG-SMITH,12/1984,81,RADIOLARIA,,,,MODERATE,NO AGE GIVEN,486,RCORU0060,Cornutella sp.,1%,  ,1,2c138b54875d5f8c133cfe0d0f9ef014,81-555-13-1
81,555,,13,1,22.0,24.0,148.00,148.23,45,WESTBERG-SMITH,12/1984,81,RADIOLARIA,,,,MODERATE,NO AGE GIVEN,486,RCYRC0060,Cyrtocapsella japonica,TRACE,  ,1,c7d9a488717e74b037d1e1ccff7fd636,81-555-13-1
81,555,,13,1,22.0,24.0,148.00,148.23,45,WESTBERG-SMITH,12/1984,81,RADIOLARIA,,,,MODERATE,NO AGE GIVEN,486,RCYRC0070,Cyrtocapsella tetrapera,TRACE,  ,2,6625a0ec785e7c70cb72bf86ca8a017d,81-555-13-1
81,555,,13,1,22.0,24.0,148.00,148.23,45,WESTBERG-SMITH,12/1984,81,RADIOLARIA,,,,MODERATE,NO AGE GIVEN,486,RDESM0010,Desmospyris sp.,TRACE,  ,2,f7cc28691f74def1a6b7545a511e2d90,81-555-13-1
81,555,,13,1,22.0,24.0,148.00,148.23,45,WESTBERG-SMITH,12/1984,81,RADIOLARIA,,,,MODERATE,NO AGE GIVEN,486,RDIAR0040,Diartus pettersoni,TRACE,  ,2,409fc14ea4d7fe2e335e72504bdaaa61,81-555-13-1
81,555,,13,1,22.0,24.0,148.00,148.23,45,WESTBERG-SMITH,12/1984,81,RADIOLARIA,,,,MODERATE,NO AGE GIVEN,486,RDICY0030,Dictyoceras virchowii,1%,  ,2,cb45ae4f54ad81d2392b2d66b185c977,81-555-13-1
81,555,,13,1,22.0,24.0,148.00,148.23,45,WESTBERG-SMITH,12/1984,81,RADIOLARIA,,,,MODERATE,NO AGE GIVEN,486,RDIDY0005,Didymocyrtis sp.,1%,  ,2,99add79024497f57c36fceddac8d2918,81-555-13-1
81,555,,13,1,22.0,24.0,148.00,148.23,45,WESTBERG-SMITH,12/1984,81,RADIOLARIA,,,,MODERATE,NO AGE GIVEN,486,RDIDY0007,Didymocyrtis antepenultima,TRACE,  ,2,548e623a3b0f745a5f013e1be9d02586,81-555-13-1
81,555,,13,1,22.0,24.0,148.00,148.23,45,WESTBERG-SMITH,12/1984,81,RADIOLARIA,,,,MODERATE,NO AGE GIVEN,486,RDIDY0030,Didymocyrtis laticonus,1%,  ,2,dd6b1e448096ebf496e475537352116d,81-555-13-1
81,555,,13,1,22.0,24.0,148.00,148.23,45,WESTBERG-SMITH,12/1984,81,RADIOLARIA,,,,MODERATE,NO AGE GIVEN,486,RDRUP0010,Druppatractus sp.,3%,  ,2,ac937e468471506ea762044147af0cd8,81-555-13-1
81,555,,13,1,22.0,24.0,148.00,148.23,45,WESTBERG-SMITH,12/1984,81,RADIOLARIA,,,,MODERATE,NO AGE GIVEN,486,REUCY0060,Eucyrtidium cienkowskii,TRACE,  ,2,83a7d0846e11dc04b30bbf898ce70704,81-555-13-1
81,555,,13,1,22.0,24.0,148.00,148.23,45,WESTBERG-SMITH,12/1984,81,RADIOLARIA,,,,MODERATE,NO AGE GIVEN,486,RHEXA0040,Hexacontium sp.,TRACE,  ,2,e2d5a05ee31e5ae35b0616597b1e9f57,81-555-13-1
81,555,,13,1,22.0,24.0,148.00,148.23,45,WESTBERG-SMITH,12/1984,81,RADIOLARIA,,,,MODERATE,NO AGE GIVEN,486,RLAMP0010,Lamprocyclas sp.,TRACE,  ,3,ae59bba83455ae112751da849601ceff,81-555-13-1
81,555,,13,1,22.0,24.0,148.00,148.23,45,WESTBERG-SMITH,12/1984,81,RADIOLARIA,,,,MODERATE,NO AGE GIVEN,486,RLAMP0050,Lamprocyclas maritalis,TRACE,  ,3,410213d4f323cb60930ca29c1c1f9042,81-555-13-1
81,555,,13,1,22.0,24.0,148.00,148.23,45,WESTBERG-SMITH,12/1984,81,RADIOLARIA,,,,MODERATE,NO AGE GIVEN,486,RLARC0030,Larcospira sp.,1%,  ,3,2a28a367dc4f1371da178488c1583ed2,81-555-13-1
81,555,,13,1,22.0,24.0,148.00,148.23,45,WESTBERG-SMITH,12/1984,81,RADIOLARIA,,,,MODERATE,NO AGE GIVEN,486,RLARP0010,Larcopyle sp.,1%,  ,3,1642ab0e1fc5b3c606424fdd09e41f53,81-555-13-1
81,555,,13,1,22.0,24.0,148.00,148.23,45,WESTBERG-SMITH,12/1984,81,RADIOLARIA,,,,MODERATE,NO AGE GIVEN,486,RLITE0030,Lithelius minor,32%,  ,3,2a7b55f7c5b4af8460b750adfd33060b,81-555-13-1
81,555,,13,1,22.0,24.0,148.00,148.23,45,WESTBERG-SMITH,12/1984,81,RADIOLARIA,,,,MODERATE,NO AGE GIVEN,486,RLITR0020,Litharachnium sp.,TRACE,  ,3,205f90284c57bb5723977a0c1f3e69fb,81-555-13-1
81,555,,13,1,22.0,24.0,148.00,148.23,45,WESTBERG-SMITH,12/1984,81,RADIOLARIA,,,,MODERATE,NO AGE GIVEN,486,RLOPP0010,Lophophaena sp.,1%,  ,3,f264720823ce5eaac01ac94ccef8c39b,81-555-13-1
81,555,,13,1,22.0,24.0,148.00,148.23,45,WESTBERG-SMITH,12/1984,81,RADIOLARIA,,,,MODERATE,NO AGE GIVEN,486,RPHOO0060,Phormostichoartus sp.,TRACE,  ,3,8b30b762ee53f4af52f4c705161d1a99,81-555-13-1
81,555,,13,1,22.0,24.0,148.00,148.23,45,WESTBERG-SMITH,12/1984,81,RADIOLARIA,,,,MODERATE,NO AGE GIVEN,486,RPORO0070,Porodiscus sp.,19%,  ,3,d34cee543250fb3ec993dea4c91c4a4c,81-555-13-1
81,555,,13,1,22.0,24.0,148.00,148.23,45,WESTBERG-SMITH,12/1984,81,RADIOLARIA,,,,MODERATE,NO AGE GIVEN,486,RPSEO0010,Pseudodictyophimus sp.,TRACE,  ,3,2b7b6b63d11224c6ae309d4277e0bbff,81-555-13-1
81,555,,13,1,22.0,24.0,148.00,148.23,45,WESTBERG-SMITH,12/1984,81,RADIOLARIA,,,,MODERATE,NO AGE GIVEN,486,RPTER0010,Pterocanium sp.,TRACE,  ,4,20bbeaecf530dfa2a723c5ff7ee8a0e9,81-555-13-1
81,555,,13,1,22.0,24.0,148.00,148.23,45,WESTBERG-SMITH,12/1984,81,RADIOLARIA,,,,MODERATE,NO AGE GIVEN,486,RPYLS0010,Pylospira sp.,3%,  ,4,89b44ea1ecca925004dc61b418beea0d,81-555-13-1
81,555,,13,1,22.0,24.0,148.00,148.23,45,WESTBERG-SMITH,12/1984,81,RADIOLARIA,,,,MODERATE,NO AGE GIVEN,486,RSIPA0005,Siphocampe sp.,3%,  ,4,aeead6c8b3d0de44277f122beb32f108,81-555-13-1
81,555,,13,1,22.0,24.0,148.00,148.23,45,WESTBERG-SMITH,12/1984,81,RADIOLARIA,,,,MODERATE,NO AGE GIVEN,486,RSPHA0020,Sphaeropyle robusta,TRACE,  ,4,2d13cf267d937a988368d6dadbbc2c96,81-555-13-1
81,555,,13,1,22.0,24.0,148.00,148.23,45,WESTBERG-SMITH,12/1984,81,RADIOLARIA,,,,MODERATE,NO AGE GIVEN,486,RSPOD0010,Spongodiscus sp.,20%,  ,4,f56d8e9a0094bffc186254f75cb16ef2,81-555-13-1
81,555,,13,1,22.0,24.0,148.00,148.23,45,WESTBERG-SMITH,12/1984,81,RADIOLARIA,,,,MODERATE,NO AGE GIVEN,486,RSPOO0030,Spongocore sp.,1%,  ,4,94541b74d39bfb23a9f2827176c81bc2,81-555-13-1
81,555,,13,1,22.0,24.0,148.00,148.23,45,WESTBERG-SMITH,12/1984,81,RADIOLARIA,,,,MODERATE,NO AGE GIVEN,486,RSTIO0010,Stichocorys sp.,TRACE,  ,4,f32f0e8bc0d7c881b665d82161b31f94,81-555-13-1
81,555,,13,1,22.0,24.0,148.00,148.23,45,WESTBERG-SMITH,12/1984,81,RADIOLARIA,,,,MODERATE,NO AGE GIVEN,486,RSTIO0050,Stichocorys delmontensis,TRACE,  ,4,69734a80cb5f222dd405a79cb4cb3dc2,81-555-13-1
81,555,,13,1,22.0,24.0,148.00,148.23,45,WESTBERG-SMITH,12/1984,81,RADIOLARIA,,,,MODERATE,NO AGE GIVEN,486,RSTYC0021,Stylucyclia sp. (q),TRACE,  ,4,7055513791b5e6ddcbfeab473c0d19c8,81-555-13-1
81,555,,13,1,22.0,24.0,148.00,148.23,45,WESTBERG-SMITH,12/1984,81,RADIOLARIA,,,,MODERATE,NO AGE GIVEN,486,RSTYD0065,Stylodictya sp.,1%,  ,4,fce139598d64ad002582d31c3c10e327,81-555-13-1
81,555,,13,1,22.0,24.0,148.00,148.23,45,WESTBERG-SMITH,12/1984,81,RADIOLARIA,,,,MODERATE,NO AGE GIVEN,486,RSTYH0010,Stylosphaera sp.,TRACE,  ,5,d4c911e94cf300c523f87ae279712dad,81-555-13-1
81,555,,13,1,22.0,24.0,148.00,148.23,45,WESTBERG-SMITH,12/1984,81,RADIOLARIA,,,,MODERATE,NO AGE GIVEN,486,RTHEC0010,Thecosphaera sp.,TRACE,  ,5,ed6f87f45dfc847ffa415d3546e8de73,81-555-13-1
81,555,,13,1,22.0,24.0,148.00,148.23,45,WESTBERG-SMITH,12/1984,81,RADIOLARIA,,,,MODERATE,NO AGE GIVEN,486,RTHER0010,Theocorys sp.,TRACE,  ,5,2fe44ed9f59cffc3ccc1faeff37047e3,81-555-13-1
81,555,,13,1,22.0,24.0,148.00,148.23,45,WESTBERG-SMITH,12/1984,81,RADIOLARIA,,,,MODERATE,NO AGE GIVEN,486,RTHEY0014,Theocorythium sp.,TRACE,  ,5,b63ee0768694599e928cd518eabf7c4d,81-555-13-1
81,555,,13,1,22.0,24.0,148.00,148.23,45,WESTBERG-SMITH,12/1984,81,RADIOLARIA,,,,MODERATE,NO AGE GIVEN,486,RZYGO0010,Zygocircus sp.,TRACE,  ,5,dd3c8539433ae37ab95a631789921bc6,81-555-13-1
81,555,,14,1,26.0,28.0,157.50,157.77,38,WESTBERG-SMITH,12/1984,81,RADIOLARIA,,,,MODERATE,NO AGE GIVEN,486,RANOM0030,Anomalacantha dentata,TRACE,  ,1,10f744dfe88aebe3aca517507d35ba07,81-555-14-1
81,555,,14,1,26.0,28.0,157.50,157.77,38,WESTBERG-SMITH,12/1984,81,RADIOLARIA,,,,MODERATE,NO AGE GIVEN,486,RANTY0010,Anthocyrtidium sp.,TRACE,  ,1,69099a28ccb9db21bf7ed24657238a91,81-555-14-1
81,555,,14,1,26.0,28.0,157.50,157.77,38,WESTBERG-SMITH,12/1984,81,RADIOLARIA,,,,MODERATE,NO AGE GIVEN,486,RBOTS0010,Botryostrobus sp.,2%,  ,1,467dc23de8cf8152b22302939ef75afb,81-555-14-1
81,555,,14,1,26.0,28.0,157.50,157.77,38,WESTBERG-SMITH,12/1984,81,RADIOLARIA,,,,MODERATE,NO AGE GIVEN,486,RCARO0010,Carpocanistrum sp.,1%,  ,1,3d804d212eca409b26ca4ae8bc1ae34d,81-555-14-1
81,555,,14,1,26.0,28.0,157.50,157.77,38,WESTBERG-SMITH,12/1984,81,RADIOLARIA,,,,MODERATE,NO AGE GIVEN,486,RCARP0010,Carpocanarium sp.,1%,  ,1,be02a05a99c8968ff05af37c14e59d00,81-555-14-1
81,555,,14,1,26.0,28.0,157.50,157.77,38,WESTBERG-SMITH,12/1984,81,RADIOLARIA,,,,MODERATE,NO AGE GIVEN,486,RCERT0010,Ceratospyris sp.,2%,  ,1,2a3415b96d01c4878ccad06ef0fffa0a,81-555-14-1
81,555,,14,1,26.0,28.0,157.50,157.77,38,WESTBERG-SMITH,12/1984,81,RADIOLARIA,,,,MODERATE,NO AGE GIVEN,486,RCORU0060,Cornutella sp.,1%,  ,1,4247ea854fb6a9908612d83646ed1532,81-555-14-1
81,555,,14,1,26.0,28.0,157.50,157.77,38,WESTBERG-SMITH,12/1984,81,RADIOLARIA,,,,MODERATE,NO AGE GIVEN,486,RCYRC0060,Cyrtocapsella japonica,1%,  ,1,9b703c2c67755789b2fc0e9ff7260229,81-555-14-1
81,555,,14,1,26.0,28.0,157.50,157.77,38,WESTBERG-SMITH,12/1984,81,RADIOLARIA,,,,MODERATE,NO AGE GIVEN,486,RDESM0010,Desmospyris sp.,TRACE,  ,1,08286ba799b1ad58f63b7071c56115de,81-555-14-1
81,555,,14,1,26.0,28.0,157.50,157.77,38,WESTBERG-SMITH,12/1984,81,RADIOLARIA,,,,MODERATE,NO AGE GIVEN,486,RDIAR0040,Diartus pettersoni,TRACE,  ,1,8b52db18bf9683cf36eda51844434b6d,81-555-14-1
81,555,,14,1,26.0,28.0,157.50,157.77,38,WESTBERG-SMITH,12/1984,81,RADIOLARIA,,,,MODERATE,NO AGE GIVEN,486,RDICY0030,Dictyoceras virchowii,TRACE,  ,2,b2eff719e893c4d01f999fe592caa0a0,81-555-14-1
81,555,,14,1,26.0,28.0,157.50,157.77,38,WESTBERG-SMITH,12/1984,81,RADIOLARIA,,,,MODERATE,NO AGE GIVEN,486,RDIDY0005,Didymocyrtis sp.,TRACE,  ,2,7ea0323ba42e50816f548a704b6214e2,81-555-14-1
81,555,,14,1,26.0,28.0,157.50,157.77,38,WESTBERG-SMITH,12/1984,81,RADIOLARIA,,,,MODERATE,NO AGE GIVEN,486,RDIDY0030,Didymocyrtis laticonus,TRACE,  ,2,66bcdccb1dfc98391da875ca89e41fff,81-555-14-1
81,555,,14,1,26.0,28.0,157.50,157.77,38,WESTBERG-SMITH,12/1984,81,RADIOLARIA,,,,MODERATE,NO AGE GIVEN,486,RDRUP0010,Druppatractus sp.,2%,  ,2,fbde8b22c6af9e2126946a19727da7d2,81-555-14-1
81,555,,14,1,26.0,28.0,157.50,157.77,38,WESTBERG-SMITH,12/1984,81,RADIOLARIA,,,,MODERATE,NO AGE GIVEN,486,REUCY0060,Eucyrtidium cienkowskii,TRACE,  ,2,4820e007df6a5c10252adbb5fb02934e,81-555-14-1
81,555,,14,1,26.0,28.0,157.50,157.77,38,WESTBERG-SMITH,12/1984,81,RADIOLARIA,,,,MODERATE,NO AGE GIVEN,486,REUCY0182,Eucyrtidium punctatum,TRACE,  ,2,b4a21c1be0f6643181030cfc2dc0a2a3,81-555-14-1
81,555,,14,1,26.0,28.0,157.50,157.77,38,WESTBERG-SMITH,12/1984,81,RADIOLARIA,,,,MODERATE,NO AGE GIVEN,486,RHEXA0040,Hexacontium sp.,TRACE,  ,2,e65276bb936ebfe0d824de9b7dc50004,81-555-14-1
81,555,,14,1,26.0,28.0,157.50,157.77,38,WESTBERG-SMITH,12/1984,81,RADIOLARIA,,,,MODERATE,NO AGE GIVEN,486,RLAMP0050,Lamprocyclas maritalis,TRACE,  ,2,b0a31f2459bb468792de3b080f151880,81-555-14-1
81,555,,14,1,26.0,28.0,157.50,157.77,38,WESTBERG-SMITH,12/1984,81,RADIOLARIA,,,,MODERATE,NO AGE GIVEN,486,RLARC0030,Larcospira sp.,TRACE,  ,2,f1aaba27685bbaa94b3782d2feb5a619,81-555-14-1
81,555,,14,1,26.0,28.0,157.50,157.77,38,WESTBERG-SMITH,12/1984,81,RADIOLARIA,,,,MODERATE,NO AGE GIVEN,486,RLARP0010,Larcopyle sp.,TRACE,  ,2,ff4f16caef4d257b7b66648459b58edd,81-555-14-1
81,555,,14,1,26.0,28.0,157.50,157.77,38,WESTBERG-SMITH,12/1984,81,RADIOLARIA,,,,MODERATE,NO AGE GIVEN,486,RLITE0030,Lithelius minor,30%,  ,3,6ed063606638fa76924a08af406a322e,81-555-14-1
81,555,,14,1,26.0,28.0,157.50,157.77,38,WESTBERG-SMITH,12/1984,81,RADIOLARIA,,,,MODERATE,NO AGE GIVEN,486,RLITR0020,Litharachnium sp.,TRACE,  ,3,11370504469178082c4b896d46f8e83b,81-555-14-1
81,555,,14,1,26.0,28.0,157.50,157.77,38,WESTBERG-SMITH,12/1984,81,RADIOLARIA,,,,MODERATE,NO AGE GIVEN,486,RLITX0030,Lithopera neotera,TRACE,  ,3,6e819bbec3ffaafff4e0052a5579b364,81-555-14-1
81,555,,14,1,26.0,28.0,157.50,157.77,38,WESTBERG-SMITH,12/1984,81,RADIOLARIA,,,,MODERATE,NO AGE GIVEN,486,RLOPP0010,Lophophaena sp.,5%,  ,3,6e0dcb9a9773344e772ba6b1babd610b,81-555-14-1
81,555,,14,1,26.0,28.0,157.50,157.77,38,WESTBERG-SMITH,12/1984,81,RADIOLARIA,,,,MODERATE,NO AGE GIVEN,486,RPORO0070,Porodiscus sp.,24%,  ,3,56a7b17afeb41f130f7004df03efafdf,81-555-14-1
81,555,,14,1,26.0,28.0,157.50,157.77,38,WESTBERG-SMITH,12/1984,81,RADIOLARIA,,,,MODERATE,NO AGE GIVEN,486,RPSEO0010,Pseudodictyophimus sp.,TRACE,  ,3,7d214541605248f1183741fd90dc1d32,81-555-14-1
81,555,,14,1,26.0,28.0,157.50,157.77,38,WESTBERG-SMITH,12/1984,81,RADIOLARIA,,,,MODERATE,NO AGE GIVEN,486,RPTER0010,Pterocanium sp.,TRACE,  ,3,f437eb73c7c6f53031602bb71edf4ba0,81-555-14-1
81,555,,14,1,26.0,28.0,157.50,157.77,38,WESTBERG-SMITH,12/1984,81,RADIOLARIA,,,,MODERATE,NO AGE GIVEN,486,RPYLS0010,Pylospira sp.,2%,  ,3,981032fc490460036ad27992f55ba9a0,81-555-14-1
81,555,,14,1,26.0,28.0,157.50,157.77,38,WESTBERG-SMITH,12/1984,81,RADIOLARIA,,,,MODERATE,NO AGE GIVEN,486,RSIPA0005,Siphocampe sp.,5%,  ,3,b0febe71418a300662211c5e33b60846,81-555-14-1
81,555,,14,1,26.0,28.0,157.50,157.77,38,WESTBERG-SMITH,12/1984,81,RADIOLARIA,,,,MODERATE,NO AGE GIVEN,486,RSPHA0020,Sphaeropyle robusta,TRACE,  ,3,7d180b67e7bbdb5e69810a70628a501a,81-555-14-1
81,555,,14,1,26.0,28.0,157.50,157.77,38,WESTBERG-SMITH,12/1984,81,RADIOLARIA,,,,MODERATE,NO AGE GIVEN,486,RSPOD0010,Spongodiscus sp.,9%,  ,4,5e6e1798c444de5faf682452cbd6cc59,81-555-14-1
81,555,,14,1,26.0,28.0,157.50,157.77,38,WESTBERG-SMITH,12/1984,81,RADIOLARIA,,,,MODERATE,NO AGE GIVEN,486,RSPOO0030,Spongocore sp.,1%,  ,4,d25895a1a22bf20b95bd0b5916d87028,81-555-14-1
81,555,,14,1,26.0,28.0,157.50,157.77,38,WESTBERG-SMITH,12/1984,81,RADIOLARIA,,,,MODERATE,NO AGE GIVEN,486,RSTIO0050,Stichocorys delmontensis,4%,  ,4,a7aa8789b6866b551c9f5a32fa7b80e1,81-555-14-1
81,555,,14,1,26.0,28.0,157.50,157.77,38,WESTBERG-SMITH,12/1984,81,RADIOLARIA,,,,MODERATE,NO AGE GIVEN,486,RSTYC0021,Stylucyclia sp. (q),1%,  ,4,0b4ee5a1ce081c1fc78deb9c58625959,81-555-14-1
81,555,,14,1,26.0,28.0,157.50,157.77,38,WESTBERG-SMITH,12/1984,81,RADIOLARIA,,,,MODERATE,NO AGE GIVEN,486,RSTYD0065,Stylodictya sp.,TRACE,  ,4,8cffb191091a065a7ab3c1a323134d99,81-555-14-1
81,555,,14,1,26.0,28.0,157.50,157.77,38,WESTBERG-SMITH,12/1984,81,RADIOLARIA,,,,MODERATE,NO AGE GIVEN,486,RSTYH0010,Stylosphaera sp.,TRACE,  ,4,64ee5979559c71efac4ec519fbf104f4,81-555-14-1
81,555,,14,1,26.0,28.0,157.50,157.77,38,WESTBERG-SMITH,12/1984,81,RADIOLARIA,,,,MODERATE,NO AGE GIVEN,486,RTHEC0010,Thecosphaera sp.,TRACE,  ,4,e4176568a64ada2af93038edb2eee2ae,81-555-14-1
81,555,,14,1,26.0,28.0,157.50,157.77,38,WESTBERG-SMITH,12/1984,81,RADIOLARIA,,,,MODERATE,NO AGE GIVEN,486,RZYGO0010,Zygocircus sp.,TRACE,  ,4,ef14491c3d9baccfeeff70d7ec37f179,81-555-14-1
81,555,,15,1,40.0,42.0,167.00,167.41,49,WESTBERG-SMITH,12/1984,81,RADIOLARIA,,,,MODERATE,NO AGE GIVEN,486,RACTI0090,Actinomma medianum,TRACE,  ,1,fa5d01dae5bbe740eee04b64975bec1d,81-555-15-1
81,555,,15,1,40.0,42.0,167.00,167.41,49,WESTBERG-SMITH,12/1984,81,RADIOLARIA,,,,MODERATE,NO AGE GIVEN,486,RANOM0030,Anomalacantha dentata,TRACE,  ,1,33a5dc69d80ee970ac4080ad78ffee98,81-555-15-1
81,555,,15,1,40.0,42.0,167.00,167.41,49,WESTBERG-SMITH,12/1984,81,RADIOLARIA,,,,MODERATE,NO AGE GIVEN,486,RANTY0010,Anthocyrtidium sp.,TRACE,  ,1,2cb3f02dceb2a9141daa1f91d7799a60,81-555-15-1
81,555,,15,1,40.0,42.0,167.00,167.41,49,WESTBERG-SMITH,12/1984,81,RADIOLARIA,,,,MODERATE,NO AGE GIVEN,486,RARAH0010,Arachnocorallium sp.,TRACE,  ,1,573f9fce00c7a930fd0d3f740eb9f3af,81-555-15-1
81,555,,15,1,40.0,42.0,167.00,167.41,49,WESTBERG-SMITH,12/1984,81,RADIOLARIA,,,,MODERATE,NO AGE GIVEN,486,RBOTS0010,Botryostrobus sp.,1%,  ,1,7da9cf6e221f5718702c5cf3f16c6efe,81-555-15-1
81,555,,15,1,40.0,42.0,167.00,167.41,49,WESTBERG-SMITH,12/1984,81,RADIOLARIA,,,,MODERATE,NO AGE GIVEN,486,RCARO0010,Carpocanistrum sp.,TRACE,  ,1,3c7ccfb9546210cd04c918edf22168fb,81-555-15-1
81,555,,15,1,40.0,42.0,167.00,167.41,49,WESTBERG-SMITH,12/1984,81,RADIOLARIA,,,,MODERATE,NO AGE GIVEN,486,RCARP0010,Carpocanarium sp.,TRACE,  ,1,3d9faab626d28149326d77c32af4bb00,81-555-15-1
81,555,,15,1,40.0,42.0,167.00,167.41,49,WESTBERG-SMITH,12/1984,81,RADIOLARIA,,,,MODERATE,NO AGE GIVEN,486,RCERA0010,Ceratocyrtis sp.,2%,  ,1,9c4955ee2e4df16efc5c8b4127f8bd84,81-555-15-1
81,555,,15,1,40.0,42.0,167.00,167.41,49,WESTBERG-SMITH,12/1984,81,RADIOLARIA,,,,MODERATE,NO AGE GIVEN,486,RCERT0010,Ceratospyris sp.,1%,  ,1,840c97a6605af2a4a4981470aa7e710b,81-555-15-1
81,555,,15,1,40.0,42.0,167.00,167.41,49,WESTBERG-SMITH,12/1984,81,RADIOLARIA,,,,MODERATE,NO AGE GIVEN,486,RCORU0060,Cornutella sp.,1%,  ,1,8ff18d3afcd80211b40247efc3739bf9,81-555-15-1
81,555,,15,1,40.0,42.0,167.00,167.41,49,WESTBERG-SMITH,12/1984,81,RADIOLARIA,,,,MODERATE,NO AGE GIVEN,486,RCYRC0060,Cyrtocapsella japonica,1%,  ,2,6323c47a28b23026d555ce4c88568c7b,81-555-15-1
81,555,,15,1,40.0,42.0,167.00,167.41,49,WESTBERG-SMITH,12/1984,81,RADIOLARIA,,,,MODERATE,NO AGE GIVEN,486,RCYRC0070,Cyrtocapsella tetrapera,TRACE,  ,2,121a31f78e9721179ce07e00334103b1,81-555-15-1
81,555,,15,1,40.0,42.0,167.00,167.41,49,WESTBERG-SMITH,12/1984,81,RADIOLARIA,,,,MODERATE,NO AGE GIVEN,486,RDESM0010,Desmospyris sp.,TRACE,  ,2,ea1b371763ad2f03bfa9f0506cfd0e42,81-555-15-1
81,555,,15,1,40.0,42.0,167.00,167.41,49,WESTBERG-SMITH,12/1984,81,RADIOLARIA,,,,MODERATE,NO AGE GIVEN,486,RDICY0030,Dictyoceras virchowii,TRACE,  ,2,56d779f145146c5e829648467db644aa,81-555-15-1
81,555,,15,1,40.0,42.0,167.00,167.41,49,WESTBERG-SMITH,12/1984,81,RADIOLARIA,,,,MODERATE,NO AGE GIVEN,486,RDIDY0005,Didymocyrtis sp.,2%,  ,2,9b587e983a3f3c4d9d2cd135ae5dd1e2,81-555-15-1
81,555,,15,1,40.0,42.0,167.00,167.41,49,WESTBERG-SMITH,12/1984,81,RADIOLARIA,,,,MODERATE,NO AGE GIVEN,486,RDIDY0007,Didymocyrtis antepenultima,TRACE,  ,2,21b962480d2b3e8c3d74cfe2617cad82,81-555-15-1
81,555,,15,1,40.0,42.0,167.00,167.41,49,WESTBERG-SMITH,12/1984,81,RADIOLARIA,,,,MODERATE,NO AGE GIVEN,486,RDIDY0030,Didymocyrtis laticonus,TRACE,  ,2,e820ff507d2270feaa15e83c225acfc3,81-555-15-1
81,555,,15,1,40.0,42.0,167.00,167.41,49,WESTBERG-SMITH,12/1984,81,RADIOLARIA,,,,MODERATE,NO AGE GIVEN,486,RDRUP0010,Druppatractus sp.,1%,  ,2,c3d0555aa468cef0b085323a78dd78ed,81-555-15-1
81,555,,15,1,40.0,42.0,167.00,167.41,49,WESTBERG-SMITH,12/1984,81,RADIOLARIA,,,,MODERATE,NO AGE GIVEN,486,REUCE0010,Eucecryphalus sp.,TRACE,  ,2,57f96b403195864eed5b417e6a028020,81-555-15-1
81,555,,15,1,40.0,42.0,167.00,167.41,49,WESTBERG-SMITH,12/1984,81,RADIOLARIA,,,,MODERATE,NO AGE GIVEN,486,REUCY0060,Eucyrtidium cienkowskii,1%,  ,2,c5fbc4a6bf9784d30016b7446ec54ecc,81-555-15-1
81,555,,15,1,40.0,42.0,167.00,167.41,49,WESTBERG-SMITH,12/1984,81,RADIOLARIA,,,,MODERATE,NO AGE GIVEN,486,REUCY0182,Eucyrtidium punctatum,TRACE,  ,3,31cd3b34e7af0f790b398d47e015a66c,81-555-15-1
81,555,,15,1,40.0,42.0,167.00,167.41,49,WESTBERG-SMITH,12/1984,81,RADIOLARIA,,,,MODERATE,NO AGE GIVEN,486,RGOND0050,Gondwanaria sp.,TRACE,  ,3,07942ecd9ace4d52138864264f428c0e,81-555-15-1
81,555,,15,1,40.0,42.0,167.00,167.41,49,WESTBERG-SMITH,12/1984,81,RADIOLARIA,,,,MODERATE,NO AGE GIVEN,486,RHEXA0040,Hexacontium sp.,1%,  ,3,0bb03b1b9dfa7e57baecc47972e4a57f,81-555-15-1
81,555,,15,1,40.0,42.0,167.00,167.41,49,WESTBERG-SMITH,12/1984,81,RADIOLARIA,,,,MODERATE,NO AGE GIVEN,486,RLAMP0010,Lamprocyclas sp.,TRACE,  ,3,162eaec1aefba6bdefe5f264c4d220c6,81-555-15-1
81,555,,15,1,40.0,42.0,167.00,167.41,49,WESTBERG-SMITH,12/1984,81,RADIOLARIA,,,,MODERATE,NO AGE GIVEN,486,RLAMP0050,Lamprocyclas maritalis,TRACE,  ,3,ad1a40784dc1cd92ecc579ae1ef8da9d,81-555-15-1
81,555,,15,1,40.0,42.0,167.00,167.41,49,WESTBERG-SMITH,12/1984,81,RADIOLARIA,,,,MODERATE,NO AGE GIVEN,486,RLARC0030,Larcospira sp.,TRACE,  ,3,1f21dd953704b0d5ff76b04a74e82311,81-555-15-1
81,555,,15,1,40.0,42.0,167.00,167.41,49,WESTBERG-SMITH,12/1984,81,RADIOLARIA,,,,MODERATE,NO AGE GIVEN,486,RLARP0010,Larcopyle sp.,TRACE,  ,3,31561587df94155a2a533489b32660db,81-555-15-1
81,555,,15,1,40.0,42.0,167.00,167.41,49,WESTBERG-SMITH,12/1984,81,RADIOLARIA,,,,MODERATE,NO AGE GIVEN,486,RLITE0030,Lithelius minor,24%,  ,3,4ee5784c7f17e8388c6145a755978ff8,81-555-15-1
81,555,,15,1,40.0,42.0,167.00,167.41,49,WESTBERG-SMITH,12/1984,81,RADIOLARIA,,,,MODERATE,NO AGE GIVEN,486,RLITR0020,Litharachnium sp.,TRACE,  ,3,0d7476fc583d0ff8226b5b2dc11c6698,81-555-15-1
81,555,,15,1,40.0,42.0,167.00,167.41,49,WESTBERG-SMITH,12/1984,81,RADIOLARIA,,,,MODERATE,NO AGE GIVEN,486,RLITX0010,Lithopera bacca,TRACE,  ,3,6847566da85007d4ba3a39275c3ea183,81-555-15-1
81,555,,15,1,40.0,42.0,167.00,167.41,49,WESTBERG-SMITH,12/1984,81,RADIOLARIA,,,,MODERATE,NO AGE GIVEN,486,RLITX0030,Lithopera neotera,TRACE,  ,4,1eebf13c4cb6017476289bbf5d781ba1,81-555-15-1
81,555,,15,1,40.0,42.0,167.00,167.41,49,WESTBERG-SMITH,12/1984,81,RADIOLARIA,,,,MODERATE,NO AGE GIVEN,486,RLOPP0010,Lophophaena sp.,2%,  ,4,dccf534ebb6f97a13d176a976e9eb4ff,81-555-15-1
81,555,,15,1,40.0,42.0,167.00,167.41,49,WESTBERG-SMITH,12/1984,81,RADIOLARIA,,,,MODERATE,NO AGE GIVEN,486,RPHOO0060,Phormostichoartus sp.,TRACE,  ,4,5ec0ae25661c12e0d1d6dc10643c1d2e,81-555-15-1
81,555,,15,1,40.0,42.0,167.00,167.41,49,WESTBERG-SMITH,12/1984,81,RADIOLARIA,,,,MODERATE,NO AGE GIVEN,486,RPORO0070,Porodiscus sp.,15%,  ,4,54fc943420aa611727056630c54baab6,81-555-15-1
81,555,,15,1,40.0,42.0,167.00,167.41,49,WESTBERG-SMITH,12/1984,81,RADIOLARIA,,,,MODERATE,NO AGE GIVEN,486,RPSEO0010,Pseudodictyophimus sp.,2%,  ,4,4504067698c8e8706142132057758c06,81-555-15-1
81,555,,15,1,40.0,42.0,167.00,167.41,49,WESTBERG-SMITH,12/1984,81,RADIOLARIA,,,,MODERATE,NO AGE GIVEN,486,RPTER0010,Pterocanium sp.,2%,  ,4,eb7746453a3f90543b528aed52553f29,81-555-15-1
81,555,,15,1,40.0,42.0,167.00,167.41,49,WESTBERG-SMITH,12/1984,81,RADIOLARIA,,,,MODERATE,NO AGE GIVEN,486,RPYLS0010,Pylospira sp.,2%,  ,4,58657313509f280a63bed42943240c34,81-555-15-1
81,555,,15,1,40.0,42.0,167.00,167.41,49,WESTBERG-SMITH,12/1984,81,RADIOLARIA,,,,MODERATE,NO AGE GIVEN,486,RSIPA0005,Siphocampe sp.,4%,  ,4,a951e149e4b8c2a6129b886959f90724,81-555-15-1
81,555,,15,1,40.0,42.0,167.00,167.41,49,WESTBERG-SMITH,12/1984,81,RADIOLARIA,,,,MODERATE,NO AGE GIVEN,486,RSPHA0020,Sphaeropyle robusta,TRACE,  ,4,0cd63dfbd1e2f5e3299333a698f723d7,81-555-15-1
81,555,,15,1,40.0,42.0,167.00,167.41,49,WESTBERG-SMITH,12/1984,81,RADIOLARIA,,,,MODERATE,NO AGE GIVEN,486,RSPOD0010,Spongodiscus sp.,19%,  ,4,d9a8ef6653ae871a4c94fff5d3f122e6,81-555-15-1
81,555,,15,1,40.0,42.0,167.00,167.41,49,WESTBERG-SMITH,12/1984,81,RADIOLARIA,,,,MODERATE,NO AGE GIVEN,486,RSPOO0030,Spongocore sp.,TRACE,  ,5,c857a35118fc3fd6cdbff7c74197bb86,81-555-15-1
81,555,,15,1,40.0,42.0,167.00,167.41,49,WESTBERG-SMITH,12/1984,81,RADIOLARIA,,,,MODERATE,NO AGE GIVEN,486,RSTIO0050,Stichocorys delmontensis,3%,  ,5,383d0f5a108e74c93adba45901f1496a,81-555-15-1
81,555,,15,1,40.0,42.0,167.00,167.41,49,WESTBERG-SMITH,12/1984,81,RADIOLARIA,,,,MODERATE,NO AGE GIVEN,486,RSTYC0021,Stylucyclia sp. (q),2%,  ,5,e3c89c79216b84e106a432cb5a9f41e3,81-555-15-1
81,555,,15,1,40.0,42.0,167.00,167.41,49,WESTBERG-SMITH,12/1984,81,RADIOLARIA,,,,MODERATE,NO AGE GIVEN,486,RSTYD0065,Stylodictya sp.,1%,  ,5,4843e3c71b49cea024fb84069bdfd5ce,81-555-15-1
81,555,,15,1,40.0,42.0,167.00,167.41,49,WESTBERG-SMITH,12/1984,81,RADIOLARIA,,,,MODERATE,NO AGE GIVEN,486,RSTYH0010,Stylosphaera sp.,TRACE,  ,5,f45ae5eabf25c56e6a8d24cd26431102,81-555-15-1
81,555,,15,1,40.0,42.0,167.00,167.41,49,WESTBERG-SMITH,12/1984,81,RADIOLARIA,,,,MODERATE,NO AGE GIVEN,486,RTHEC0010,Thecosphaera sp.,TRACE,  ,5,3e9ac027a38635285a4368c8e39e1147,81-555-15-1
81,555,,15,1,40.0,42.0,167.00,167.41,49,WESTBERG-SMITH,12/1984,81,RADIOLARIA,,,,MODERATE,NO AGE GIVEN,486,RTHER0010,Theocorys sp.,TRACE,  ,5,4bf718293b7afbc200421d0de3af11fe,81-555-15-1
81,555,,15,1,40.0,42.0,167.00,167.41,49,WESTBERG-SMITH,12/1984,81,RADIOLARIA,,,,MODERATE,NO AGE GIVEN,486,RTRIS0020,Tricolospyris sp. (q),TRACE,  ,5,0158212df328862c016cf13fdd796df3,81-555-15-1
81,555,,15,1,40.0,42.0,167.00,167.41,49,WESTBERG-SMITH,12/1984,81,RADIOLARIA,,,,MODERATE,NO AGE GIVEN,486,RZYGO0010,Zygocircus sp.,TRACE,  ,5,c0340663f86fafb22422e46ddc9650ef,81-555-15-1
81,555,,16,4,19.0,21.0,176.50,181.20,41,WESTBERG-SMITH,12/1984,81,RADIOLARIA,,,,MODERATE,NO AGE GIVEN,486,RANOM0030,Anomalacantha dentata,TRACE,  ,1,b9f0628fe4b3897cea81a2bdb27aa701,81-555-16-4
81,555,,16,4,19.0,21.0,176.50,181.20,41,WESTBERG-SMITH,12/1984,81,RADIOLARIA,,,,MODERATE,NO AGE GIVEN,486,RBOTS0010,Botryostrobus sp.,1%,  ,1,5d124ff17c21adfb0412b6cda6e96a00,81-555-16-4
81,555,,16,4,19.0,21.0,176.50,181.20,41,WESTBERG-SMITH,12/1984,81,RADIOLARIA,,,,MODERATE,NO AGE GIVEN,486,RCARO0010,Carpocanistrum sp.,TRACE,  ,1,1ce1a1f13de39441a2b8d182a865f78b,81-555-16-4
81,555,,16,4,19.0,21.0,176.50,181.20,41,WESTBERG-SMITH,12/1984,81,RADIOLARIA,,,,MODERATE,NO AGE GIVEN,486,RCARP0010,Carpocanarium sp.,TRACE,  ,1,72b13730a0cb5e6181905ac5cea550c9,81-555-16-4
81,555,,16,4,19.0,21.0,176.50,181.20,41,WESTBERG-SMITH,12/1984,81,RADIOLARIA,,,,MODERATE,NO AGE GIVEN,486,RCERA0010,Ceratocyrtis sp.,1%,  ,1,087d657a5270410de8218479d0c3481d,81-555-16-4
81,555,,16,4,19.0,21.0,176.50,181.20,41,WESTBERG-SMITH,12/1984,81,RADIOLARIA,,,,MODERATE,NO AGE GIVEN,486,RCERT0010,Ceratospyris sp.,1%,  ,1,3e8b523882a2a13132d79d82c4e6fe9f,81-555-16-4
81,555,,16,4,19.0,21.0,176.50,181.20,41,WESTBERG-SMITH,12/1984,81,RADIOLARIA,,,,MODERATE,NO AGE GIVEN,486,RCORU0060,Cornutella sp.,TRACE,  ,1,82d2cafbb9302534d4a08c0d5ee3ea3f,81-555-16-4
81,555,,16,4,19.0,21.0,176.50,181.20,41,WESTBERG-SMITH,12/1984,81,RADIOLARIA,,,,MODERATE,NO AGE GIVEN,486,RCYRC0060,Cyrtocapsella japonica,9%,  ,1,d15073b1d919ffd00681e6dc2aa368cb,81-555-16-4
81,555,,16,4,19.0,21.0,176.50,181.20,41,WESTBERG-SMITH,12/1984,81,RADIOLARIA,,,,MODERATE,NO AGE GIVEN,486,RDIAR0040,Diartus pettersoni,TRACE,  ,1,572c9ad08c3c08aaed8a5de88465f4d7,81-555-16-4
81,555,,16,4,19.0,21.0,176.50,181.20,41,WESTBERG-SMITH,12/1984,81,RADIOLARIA,,,,MODERATE,NO AGE GIVEN,486,RDICY0030,Dictyoceras virchowii,TRACE,  ,1,77c1b4f0ddb5ba70820be485391db1bc,81-555-16-4
81,555,,16,4,19.0,21.0,176.50,181.20,41,WESTBERG-SMITH,12/1984,81,RADIOLARIA,,,,MODERATE,NO AGE GIVEN,486,RDIDY0005,Didymocyrtis sp.,TRACE,  ,2,a2454c5b784a160ec3456b2fcf5e88af,81-555-16-4
81,555,,16,4,19.0,21.0,176.50,181.20,41,WESTBERG-SMITH,12/1984,81,RADIOLARIA,,,,MODERATE,NO AGE GIVEN,486,RDIDY0007,Didymocyrtis antepenultima,TRACE,  ,2,6f9e1932715a427e22d6a8516cb3812b,81-555-16-4
81,555,,16,4,19.0,21.0,176.50,181.20,41,WESTBERG-SMITH,12/1984,81,RADIOLARIA,,,,MODERATE,NO AGE GIVEN,486,RDIDY0030,Didymocyrtis laticonus,TRACE,  ,2,4977456007005713d95a69a1493c9ec9,81-555-16-4
81,555,,16,4,19.0,21.0,176.50,181.20,41,WESTBERG-SMITH,12/1984,81,RADIOLARIA,,,,MODERATE,NO AGE GIVEN,486,RDRUP0010,Druppatractus sp.,3%,  ,2,675e1e2fd8aafe3167d38670bdc2a2dc,81-555-16-4
81,555,,16,4,19.0,21.0,176.50,181.20,41,WESTBERG-SMITH,12/1984,81,RADIOLARIA,,,,MODERATE,NO AGE GIVEN,486,REUCE0010,Eucecryphalus sp.,TRACE,  ,2,5694820f5e94923961904cf6fb679101,81-555-16-4
81,555,,16,4,19.0,21.0,176.50,181.20,41,WESTBERG-SMITH,12/1984,81,RADIOLARIA,,,,MODERATE,NO AGE GIVEN,486,REUCY0050,Eucyrtidium calvertense,TRACE,  ,2,d9d309bffca27b67c86bf0aef075050e,81-555-16-4
81,555,,16,4,19.0,21.0,176.50,181.20,41,WESTBERG-SMITH,12/1984,81,RADIOLARIA,,,,MODERATE,NO AGE GIVEN,486,REUCY0060,Eucyrtidium cienkowskii,TRACE,  ,2,92fff0e134bf41d2c5a052464ba3b9d2,81-555-16-4
81,555,,16,4,19.0,21.0,176.50,181.20,41,WESTBERG-SMITH,12/1984,81,RADIOLARIA,,,,MODERATE,NO AGE GIVEN,486,RGOND0050,Gondwanaria sp.,TRACE,  ,2,48766078b710fb2a129899b52dcaccd5,81-555-16-4
81,555,,16,4,19.0,21.0,176.50,181.20,41,WESTBERG-SMITH,12/1984,81,RADIOLARIA,,,,MODERATE,NO AGE GIVEN,486,RHEXA0040,Hexacontium sp.,4%,  ,2,e88e19e872b22bdaaf6010c74db3ac54,81-555-16-4
81,555,,16,4,19.0,21.0,176.50,181.20,41,WESTBERG-SMITH,12/1984,81,RADIOLARIA,,,,MODERATE,NO AGE GIVEN,486,RLAMP0010,Lamprocyclas sp.,TRACE,  ,2,5c8947ac7c3d55f0d68d66f9569ff7e8,81-555-16-4
81,555,,16,4,19.0,21.0,176.50,181.20,41,WESTBERG-SMITH,12/1984,81,RADIOLARIA,,,,MODERATE,NO AGE GIVEN,486,RLAMP0050,Lamprocyclas maritalis,TRACE,  ,3,5bbbf068979ed339c0de5f96f09a7839,81-555-16-4
81,555,,16,4,19.0,21.0,176.50,181.20,41,WESTBERG-SMITH,12/1984,81,RADIOLARIA,,,,MODERATE,NO AGE GIVEN,486,RLARP0010,Larcopyle sp.,1%,  ,3,cc378abd6ce527755570ce7d8b087521,81-555-16-4
81,555,,16,4,19.0,21.0,176.50,181.20,41,WESTBERG-SMITH,12/1984,81,RADIOLARIA,,,,MODERATE,NO AGE GIVEN,486,RLITE0030,Lithelius minor,25%,  ,3,d4396a8b6242e01d72a7336359baa801,81-555-16-4
81,555,,16,4,19.0,21.0,176.50,181.20,41,WESTBERG-SMITH,12/1984,81,RADIOLARIA,,,,MODERATE,NO AGE GIVEN,486,RLITR0020,Litharachnium sp.,TRACE,  ,3,4c2294e14d716147e5d293e71fec9af0,81-555-16-4
81,555,,16,4,19.0,21.0,176.50,181.20,41,WESTBERG-SMITH,12/1984,81,RADIOLARIA,,,,MODERATE,NO AGE GIVEN,486,RLITX0030,Lithopera neotera,1%,  ,3,c5c9e883eda91d8dd536c814ab072909,81-555-16-4
81,555,,16,4,19.0,21.0,176.50,181.20,41,WESTBERG-SMITH,12/1984,81,RADIOLARIA,,,,MODERATE,NO AGE GIVEN,486,RLOPP0010,Lophophaena sp.,1%,  ,3,1a714b1c4c84026bf569fe9eb4bde37c,81-555-16-4
81,555,,16,4,19.0,21.0,176.50,181.20,41,WESTBERG-SMITH,12/1984,81,RADIOLARIA,,,,MODERATE,NO AGE GIVEN,486,RPHOO0060,Phormostichoartus sp.,TRACE,  ,3,e40257f1195ef80db25962baefa9030e,81-555-16-4
81,555,,16,4,19.0,21.0,176.50,181.20,41,WESTBERG-SMITH,12/1984,81,RADIOLARIA,,,,MODERATE,NO AGE GIVEN,486,RPORO0070,Porodiscus sp.,9%,  ,3,c004afbab0d5aacda333479ecf84d51c,81-555-16-4
81,555,,16,4,19.0,21.0,176.50,181.20,41,WESTBERG-SMITH,12/1984,81,RADIOLARIA,,,,MODERATE,NO AGE GIVEN,486,RPSEO0010,Pseudodictyophimus sp.,1%,  ,3,2cf9d65e5bf21ba5f65fb6ca4e1b7021,81-555-16-4
81,555,,16,4,19.0,21.0,176.50,181.20,41,WESTBERG-SMITH,12/1984,81,RADIOLARIA,,,,MODERATE,NO AGE GIVEN,486,RPTER0010,Pterocanium sp.,2%,  ,3,1be72d8a90f2ab5d125d57097b5cf8b9,81-555-16-4
81,555,,16,4,19.0,21.0,176.50,181.20,41,WESTBERG-SMITH,12/1984,81,RADIOLARIA,,,,MODERATE,NO AGE GIVEN,486,RPYLS0010,Pylospira sp.,2%,  ,4,e8415b03b8fa33631e73ef8972e0f4fc,81-555-16-4
81,555,,16,4,19.0,21.0,176.50,181.20,41,WESTBERG-SMITH,12/1984,81,RADIOLARIA,,,,MODERATE,NO AGE GIVEN,486,RSIPA0005,Siphocampe sp.,4%,  ,4,2e6b5ed1b642cf40cbf96b8ce90d4737,81-555-16-4
81,555,,16,4,19.0,21.0,176.50,181.20,41,WESTBERG-SMITH,12/1984,81,RADIOLARIA,,,,MODERATE,NO AGE GIVEN,486,RSPHA0020,Sphaeropyle robusta,1%,  ,4,6a9dc41a1110a7822fda8acea498cadd,81-555-16-4
81,555,,16,4,19.0,21.0,176.50,181.20,41,WESTBERG-SMITH,12/1984,81,RADIOLARIA,,,,MODERATE,NO AGE GIVEN,486,RSPOD0010,Spongodiscus sp.,17%,  ,4,4a376fdf00472956e8ccb53a39442819,81-555-16-4
81,555,,16,4,19.0,21.0,176.50,181.20,41,WESTBERG-SMITH,12/1984,81,RADIOLARIA,,,,MODERATE,NO AGE GIVEN,486,RSPOO0030,Spongocore sp.,TRACE,  ,4,199c7e9b2c802241ff928195a2d69ff5,81-555-16-4
81,555,,16,4,19.0,21.0,176.50,181.20,41,WESTBERG-SMITH,12/1984,81,RADIOLARIA,,,,MODERATE,NO AGE GIVEN,486,RSTIO0050,Stichocorys delmontensis,1%,  ,4,974023e880e6f07c6ee6b1ae35f7f611,81-555-16-4
81,555,,16,4,19.0,21.0,176.50,181.20,41,WESTBERG-SMITH,12/1984,81,RADIOLARIA,,,,MODERATE,NO AGE GIVEN,486,RSTYC0021,Stylucyclia sp. (q),1%,  ,4,d6ea0189fd1cd0f057863d68097f6f2b,81-555-16-4
81,555,,16,4,19.0,21.0,176.50,181.20,41,WESTBERG-SMITH,12/1984,81,RADIOLARIA,,,,MODERATE,NO AGE GIVEN,486,RSTYD0065,Stylodictya sp.,2%,  ,4,c72fced6e9678e93f785ea377c3a4480,81-555-16-4
81,555,,16,4,19.0,21.0,176.50,181.20,41,WESTBERG-SMITH,12/1984,81,RADIOLARIA,,,,MODERATE,NO AGE GIVEN,486,RSTYH0010,Stylosphaera sp.,TRACE,  ,4,cb2240219e3ae5a0c7a52fcc2956bf52,81-555-16-4
81,555,,16,4,19.0,21.0,176.50,181.20,41,WESTBERG-SMITH,12/1984,81,RADIOLARIA,,,,MODERATE,NO AGE GIVEN,486,RTRIS0020,Tricolospyris sp. (q),TRACE,  ,4,dea6afad00748f4361dedbd409d19e61,81-555-16-4
81,555,,16,4,19.0,21.0,176.50,181.20,41,WESTBERG-SMITH,12/1984,81,RADIOLARIA,,,,MODERATE,NO AGE GIVEN,486,RZYGO0010,Zygocircus sp.,TRACE,  ,5,e94d184f788b812b87327598d08588da,81-555-16-4
81,555,,17,1,44.0,46.0,186.00,186.45, 2,WESTBERG-SMITH,12/1984,81,RADIOLARIA,,,,,NO AGE GIVEN,486,RDESM0010,Desmospyris sp.,PRESENT,  ,1,c2e2a75ad183c486cfca47a2a2d96c61,81-555-17-1
81,555,,17,1,44.0,46.0,186.00,186.45, 2,WESTBERG-SMITH,12/1984,81,RADIOLARIA,,,,,NO AGE GIVEN,486,REUCY0060,Eucyrtidium cienkowskii,PRESENT,  ,1,8dafb654792e045c7ad757e038f36e97,81-555-17-1
81,555,,17,2,85.0,87.0,186.00,188.36,33,WESTBERG-SMITH,12/1984,81,RADIOLARIA,,,,MODERATE,NO AGE GIVEN,486,RANOM0030,Anomalacantha dentata,TRACE,  ,1,bb1de488f72bad8361898818e1837868,81-555-17-2
81,555,,17,2,85.0,87.0,186.00,188.36,33,WESTBERG-SMITH,12/1984,81,RADIOLARIA,,,,MODERATE,NO AGE GIVEN,486,RARAH0010,Arachnocorallium sp.,TRACE,  ,1,51dc30f172df090610934778eb98ca35,81-555-17-2
81,555,,17,2,85.0,87.0,186.00,188.36,33,WESTBERG-SMITH,12/1984,81,RADIOLARIA,,,,MODERATE,NO AGE GIVEN,486,RBOTS0010,Botryostrobus sp.,1%,  ,1,4be79be7161c7c39987e8a85c5f95982,81-555-17-2
81,555,,17,2,85.0,87.0,186.00,188.36,33,WESTBERG-SMITH,12/1984,81,RADIOLARIA,,,,MODERATE,NO AGE GIVEN,486,RCARP0010,Carpocanarium sp.,1%,  ,1,0b957c249fe7f89648db37e5f8b57bea,81-555-17-2
81,555,,17,2,85.0,87.0,186.00,188.36,33,WESTBERG-SMITH,12/1984,81,RADIOLARIA,,,,MODERATE,NO AGE GIVEN,486,RCERA0010,Ceratocyrtis sp.,TRACE,  ,1,753e7d9f9300932eb23119948fb8bb0d,81-555-17-2
81,555,,17,2,85.0,87.0,186.00,188.36,33,WESTBERG-SMITH,12/1984,81,RADIOLARIA,,,,MODERATE,NO AGE GIVEN,486,RCORU0060,Cornutella sp.,1%,  ,1,2cc901e995ac2060c43896a155ac899a,81-555-17-2
81,555,,17,2,85.0,87.0,186.00,188.36,33,WESTBERG-SMITH,12/1984,81,RADIOLARIA,,,,MODERATE,NO AGE GIVEN,486,RCYRC0060,Cyrtocapsella japonica,1%,  ,1,66e31d75af311b0cdc3261acf22d1909,81-555-17-2
81,555,,17,2,85.0,87.0,186.00,188.36,33,WESTBERG-SMITH,12/1984,81,RADIOLARIA,,,,MODERATE,NO AGE GIVEN,486,RDESM0010,Desmospyris sp.,TRACE,  ,1,5eae846b68f5b3540b0dddba917ed126,81-555-17-2
81,555,,17,2,85.0,87.0,186.00,188.36,33,WESTBERG-SMITH,12/1984,81,RADIOLARIA,,,,MODERATE,NO AGE GIVEN,486,RDICY0030,Dictyoceras virchowii,TRACE,  ,1,3560bf4361c6434d8b1e2ba6bb264e41,81-555-17-2
81,555,,17,2,85.0,87.0,186.00,188.36,33,WESTBERG-SMITH,12/1984,81,RADIOLARIA,,,,MODERATE,NO AGE GIVEN,486,RDIDY0005,Didymocyrtis sp.,TRACE,  ,1,62e67fd94e814824489ee58e2b57a0c7,81-555-17-2
81,555,,17,2,85.0,87.0,186.00,188.36,33,WESTBERG-SMITH,12/1984,81,RADIOLARIA,,,,MODERATE,NO AGE GIVEN,486,RDIDY0030,Didymocyrtis laticonus,TRACE,  ,2,ee59e5646e12c106ae0d5681b1edfe69,81-555-17-2
81,555,,17,2,85.0,87.0,186.00,188.36,33,WESTBERG-SMITH,12/1984,81,RADIOLARIA,,,,MODERATE,NO AGE GIVEN,486,RDRUP0010,Druppatractus sp.,1%,  ,2,f0aff9910ad9506196cf48057af9354d,81-555-17-2
81,555,,17,2,85.0,87.0,186.00,188.36,33,WESTBERG-SMITH,12/1984,81,RADIOLARIA,,,,MODERATE,NO AGE GIVEN,486,REUCY0060,Eucyrtidium cienkowskii,TRACE,  ,2,10ec9761ce90bbbcc74af4a9245eb5cd,81-555-17-2
81,555,,17,2,85.0,87.0,186.00,188.36,33,WESTBERG-SMITH,12/1984,81,RADIOLARIA,,,,MODERATE,NO AGE GIVEN,486,RHAEC0010,Haeckeliella inconstans,TRACE,  ,2,5aed297218cd0c8116e621eab96dfb16,81-555-17-2
81,555,,17,2,85.0,87.0,186.00,188.36,33,WESTBERG-SMITH,12/1984,81,RADIOLARIA,,,,MODERATE,NO AGE GIVEN,486,RHEXA0040,Hexacontium sp.,TRACE,  ,2,b1b661dabbe31ada4267000528cc4f13,81-555-17-2
81,555,,17,2,85.0,87.0,186.00,188.36,33,WESTBERG-SMITH,12/1984,81,RADIOLARIA,,,,MODERATE,NO AGE GIVEN,486,RLAMP0050,Lamprocyclas maritalis,TRACE,  ,2,2b685869a7349bad4b60d707c70c70d1,81-555-17-2
81,555,,17,2,85.0,87.0,186.00,188.36,33,WESTBERG-SMITH,12/1984,81,RADIOLARIA,,,,MODERATE,NO AGE GIVEN,486,RLARP0010,Larcopyle sp.,TRACE,  ,2,ad5977884666709f057bcb6bc8c3c523,81-555-17-2
81,555,,17,2,85.0,87.0,186.00,188.36,33,WESTBERG-SMITH,12/1984,81,RADIOLARIA,,,,MODERATE,NO AGE GIVEN,486,RLITE0030,Lithelius minor,31%,  ,2,50bb9bfdfc2134cc2e7b3f2af0fcc25d,81-555-17-2
81,555,,17,2,85.0,87.0,186.00,188.36,33,WESTBERG-SMITH,12/1984,81,RADIOLARIA,,,,MODERATE,NO AGE GIVEN,486,RLITR0020,Litharachnium sp.,TRACE,  ,2,e59f6201d286fe11081aac7d2ff662e9,81-555-17-2
81,555,,17,2,85.0,87.0,186.00,188.36,33,WESTBERG-SMITH,12/1984,81,RADIOLARIA,,,,MODERATE,NO AGE GIVEN,486,RLOPP0010,Lophophaena sp.,TRACE,  ,2,e8368cba2a19e33f53986d0fc747d0e3,81-555-17-2
81,555,,17,2,85.0,87.0,186.00,188.36,33,WESTBERG-SMITH,12/1984,81,RADIOLARIA,,,,MODERATE,NO AGE GIVEN,486,RPORO0070,Porodiscus sp.,13%,  ,3,a96afa40b702e3bd50f9fc63d9545e33,81-555-17-2
81,555,,17,2,85.0,87.0,186.00,188.36,33,WESTBERG-SMITH,12/1984,81,RADIOLARIA,,,,MODERATE,NO AGE GIVEN,486,RPSEO0010,Pseudodictyophimus sp.,TRACE,  ,3,a1e2bbb4801f7dcfa9ae109478fde734,81-555-17-2
81,555,,17,2,85.0,87.0,186.00,188.36,33,WESTBERG-SMITH,12/1984,81,RADIOLARIA,,,,MODERATE,NO AGE GIVEN,486,RPTER0010,Pterocanium sp.,TRACE,  ,3,7aeaba5d7048afce2e195cfedd39ca16,81-555-17-2
81,555,,17,2,85.0,87.0,186.00,188.36,33,WESTBERG-SMITH,12/1984,81,RADIOLARIA,,,,MODERATE,NO AGE GIVEN,486,RPYLS0010,Pylospira sp.,1%,  ,3,e0700641318e7f0cca041efd8d28abb8,81-555-17-2
81,555,,17,2,85.0,87.0,186.00,188.36,33,WESTBERG-SMITH,12/1984,81,RADIOLARIA,,,,MODERATE,NO AGE GIVEN,486,RSIPA0005,Siphocampe sp.,4%,  ,3,63aedd19cd72ed08a37f77a8db48e942,81-555-17-2
81,555,,17,2,85.0,87.0,186.00,188.36,33,WESTBERG-SMITH,12/1984,81,RADIOLARIA,,,,MODERATE,NO AGE GIVEN,486,RSPOD0010,Spongodiscus sp.,30%,  ,3,707538eb38ad263be41c6301f8c50f91,81-555-17-2
81,555,,17,2,85.0,87.0,186.00,188.36,33,WESTBERG-SMITH,12/1984,81,RADIOLARIA,,,,MODERATE,NO AGE GIVEN,486,RSPOO0030,Spongocore sp.,TRACE,  ,3,5507970dd6de0b0ff99d8ba94e7de8b4,81-555-17-2
81,555,,17,2,85.0,87.0,186.00,188.36,33,WESTBERG-SMITH,12/1984,81,RADIOLARIA,,,,MODERATE,NO AGE GIVEN,486,RSTIO0010,Stichocorys sp.,TRACE,  ,3,b3995cd86be3098c153a2d59bdaeef9f,81-555-17-2
81,555,,17,2,85.0,87.0,186.00,188.36,33,WESTBERG-SMITH,12/1984,81,RADIOLARIA,,,,MODERATE,NO AGE GIVEN,486,RSTIO0050,Stichocorys delmontensis,TRACE,  ,3,aabc0d6b09bb7b19b0a6e2b133fa4281,81-555-17-2
81,555,,17,2,85.0,87.0,186.00,188.36,33,WESTBERG-SMITH,12/1984,81,RADIOLARIA,,,,MODERATE,NO AGE GIVEN,486,RSTYC0021,Stylucyclia sp. (q),4%,  ,3,31a208fd745736f79d855e1c27ca7be0,81-555-17-2
81,555,,17,2,85.0,87.0,186.00,188.36,33,WESTBERG-SMITH,12/1984,81,RADIOLARIA,,,,MODERATE,NO AGE GIVEN,486,RSTYD0065,Stylodictya sp.,2%,  ,4,73e054341c0f525076e3f52aa079a20d,81-555-17-2
81,555,,17,2,85.0,87.0,186.00,188.36,33,WESTBERG-SMITH,12/1984,81,RADIOLARIA,,,,MODERATE,NO AGE GIVEN,486,RSTYH0010,Stylosphaera sp.,1%,  ,4,7e28940ec62506d002c15048e55473a6,81-555-17-2
81,555,,17,2,85.0,87.0,186.00,188.36,33,WESTBERG-SMITH,12/1984,81,RADIOLARIA,,,,MODERATE,NO AGE GIVEN,486,RTHER0010,Theocorys sp.,TRACE,  ,4,85f5503f33aa52526fd9fa8193b0dda2,81-555-17-2
81,555,,17,3,104.0,106.0,186.00,190.05,39,WESTBERG-SMITH,12/1984,81,RADIOLARIA,,,,MODERATE,NO AGE GIVEN,486,RACTI0090,Actinomma medianum,TRACE,  ,1,66a3de2acfe1ab8106025b13ef10bc1d,81-555-17-3
81,555,,17,3,104.0,106.0,186.00,190.05,39,WESTBERG-SMITH,12/1984,81,RADIOLARIA,,,,MODERATE,NO AGE GIVEN,486,RANOM0030,Anomalacantha dentata,TRACE,  ,1,ea8522208eec98ac97f38bab67f3c9d9,81-555-17-3
81,555,,17,3,104.0,106.0,186.00,190.05,39,WESTBERG-SMITH,12/1984,81,RADIOLARIA,,,,MODERATE,NO AGE GIVEN,486,RANTY0010,Anthocyrtidium sp.,TRACE,  ,1,8c7c3d2fecd7ad23fea73c5307809c4a,81-555-17-3
81,555,,17,3,104.0,106.0,186.00,190.05,39,WESTBERG-SMITH,12/1984,81,RADIOLARIA,,,,MODERATE,NO AGE GIVEN,486,RBOTS0010,Botryostrobus sp.,1%,  ,1,46ef02f9b557599271f58f9ab4ca4547,81-555-17-3
81,555,,17,3,104.0,106.0,186.00,190.05,39,WESTBERG-SMITH,12/1984,81,RADIOLARIA,,,,MODERATE,NO AGE GIVEN,486,RCARO0010,Carpocanistrum sp.,TRACE,  ,1,e7408d7172e3b92955e5b743861d5f57,81-555-17-3
81,555,,17,3,104.0,106.0,186.00,190.05,39,WESTBERG-SMITH,12/1984,81,RADIOLARIA,,,,MODERATE,NO AGE GIVEN,486,RCARP0010,Carpocanarium sp.,TRACE,  ,1,0f6eac9bf157520b1983f360df1039b3,81-555-17-3
81,555,,17,3,104.0,106.0,186.00,190.05,39,WESTBERG-SMITH,12/1984,81,RADIOLARIA,,,,MODERATE,NO AGE GIVEN,486,RCERA0010,Ceratocyrtis sp.,TRACE,  ,1,88a9a16f8c5acee5f23dfad2743b21d9,81-555-17-3
81,555,,17,3,104.0,106.0,186.00,190.05,39,WESTBERG-SMITH,12/1984,81,RADIOLARIA,,,,MODERATE,NO AGE GIVEN,486,RCERT0010,Ceratospyris sp.,TRACE,  ,1,8c2b7d41c4df3cbdc8e7e823fc060cba,81-555-17-3
81,555,,17,3,104.0,106.0,186.00,190.05,39,WESTBERG-SMITH,12/1984,81,RADIOLARIA,,,,MODERATE,NO AGE GIVEN,486,RCORU0060,Cornutella sp.,1%,  ,1,5b9f5e5075439ad4491dacfeff571ff7,81-555-17-3
81,555,,17,3,104.0,106.0,186.00,190.05,39,WESTBERG-SMITH,12/1984,81,RADIOLARIA,,,,MODERATE,NO AGE GIVEN,486,RCYRC0060,Cyrtocapsella japonica,1%,  ,1,31ae9eddacac92b438aab8e1cf89824d,81-555-17-3
81,555,,17,3,104.0,106.0,186.00,190.05,39,WESTBERG-SMITH,12/1984,81,RADIOLARIA,,,,MODERATE,NO AGE GIVEN,486,RCYRC0070,Cyrtocapsella tetrapera,TRACE,  ,2,709becbd556746e4868a7d5dd39decb7,81-555-17-3
81,555,,17,3,104.0,106.0,186.00,190.05,39,WESTBERG-SMITH,12/1984,81,RADIOLARIA,,,,MODERATE,NO AGE GIVEN,486,RDESM0010,Desmospyris sp.,1%,  ,2,7361f928117e1ca9aea0341b18d1c033,81-555-17-3
81,555,,17,3,104.0,106.0,186.00,190.05,39,WESTBERG-SMITH,12/1984,81,RADIOLARIA,,,,MODERATE,NO AGE GIVEN,486,RDICY0030,Dictyoceras virchowii,TRACE,  ,2,26dd729f84d10d50a6169bec726e8e7b,81-555-17-3
81,555,,17,3,104.0,106.0,186.00,190.05,39,WESTBERG-SMITH,12/1984,81,RADIOLARIA,,,,MODERATE,NO AGE GIVEN,486,RDIDY0005,Didymocyrtis sp.,TRACE,  ,2,08672433cb2109805350f3f353ff1957,81-555-17-3
81,555,,17,3,104.0,106.0,186.00,190.05,39,WESTBERG-SMITH,12/1984,81,RADIOLARIA,,,,MODERATE,NO AGE GIVEN,486,RDIDY0030,Didymocyrtis laticonus,TRACE,  ,2,80550e17b22b4e3e78e49218ee43539f,81-555-17-3
81,555,,17,3,104.0,106.0,186.00,190.05,39,WESTBERG-SMITH,12/1984,81,RADIOLARIA,,,,MODERATE,NO AGE GIVEN,486,RDRUP0010,Druppatractus sp.,2%,  ,2,37da7c45135ace54c7c2682108f72257,81-555-17-3
81,555,,17,3,104.0,106.0,186.00,190.05,39,WESTBERG-SMITH,12/1984,81,RADIOLARIA,,,,MODERATE,NO AGE GIVEN,486,RHEXA0040,Hexacontium sp.,2%,  ,2,12688805e1c78885d045675c1f3d6898,81-555-17-3
81,555,,17,3,104.0,106.0,186.00,190.05,39,WESTBERG-SMITH,12/1984,81,RADIOLARIA,,,,MODERATE,NO AGE GIVEN,486,RLAMP0010,Lamprocyclas sp.,TRACE,  ,2,9a8daf98d4f1cb0b2665c734bdd28516,81-555-17-3
81,555,,17,3,104.0,106.0,186.00,190.05,39,WESTBERG-SMITH,12/1984,81,RADIOLARIA,,,,MODERATE,NO AGE GIVEN,486,RLAMP0050,Lamprocyclas maritalis,TRACE,  ,2,8819d2e49f9d908317c6cd6e30754d15,81-555-17-3
81,555,,17,3,104.0,106.0,186.00,190.05,39,WESTBERG-SMITH,12/1984,81,RADIOLARIA,,,,MODERATE,NO AGE GIVEN,486,RLARP0010,Larcopyle sp.,1%,  ,2,6022022870840be490fcaed3e236480c,81-555-17-3
81,555,,17,3,104.0,106.0,186.00,190.05,39,WESTBERG-SMITH,12/1984,81,RADIOLARIA,,,,MODERATE,NO AGE GIVEN,486,RLITE0030,Lithelius minor,31%,  ,3,40581431e34c7927bd1417f2fe84cd2d,81-555-17-3
81,555,,17,3,104.0,106.0,186.00,190.05,39,WESTBERG-SMITH,12/1984,81,RADIOLARIA,,,,MODERATE,NO AGE GIVEN,486,RLITR0020,Litharachnium sp.,TRACE,  ,3,a55af5b8624a325e5aea150385ff4d54,81-555-17-3
81,555,,17,3,104.0,106.0,186.00,190.05,39,WESTBERG-SMITH,12/1984,81,RADIOLARIA,,,,MODERATE,NO AGE GIVEN,486,RLITX0030,Lithopera neotera,TRACE,  ,3,57e286b386160a235314a4c986f0350d,81-555-17-3
81,555,,17,3,104.0,106.0,186.00,190.05,39,WESTBERG-SMITH,12/1984,81,RADIOLARIA,,,,MODERATE,NO AGE GIVEN,486,RLOPP0010,Lophophaena sp.,TRACE,  ,3,db34c270b956366f336f73a1d1580413,81-555-17-3
81,555,,17,3,104.0,106.0,186.00,190.05,39,WESTBERG-SMITH,12/1984,81,RADIOLARIA,,,,MODERATE,NO AGE GIVEN,486,RPORO0070,Porodiscus sp.,9%,  ,3,3d8b84a919e883fa76b7d94712ed111e,81-555-17-3
81,555,,17,3,104.0,106.0,186.00,190.05,39,WESTBERG-SMITH,12/1984,81,RADIOLARIA,,,,MODERATE,NO AGE GIVEN,486,RPSEO0010,Pseudodictyophimus sp.,TRACE,  ,3,d20dfc3796d72aa0990d7fae1b1a8374,81-555-17-3
81,555,,17,3,104.0,106.0,186.00,190.05,39,WESTBERG-SMITH,12/1984,81,RADIOLARIA,,,,MODERATE,NO AGE GIVEN,486,RPTER0010,Pterocanium sp.,TRACE,  ,3,e0c7ea7ff9f9f518b5e83ce5b40f8678,81-555-17-3
81,555,,17,3,104.0,106.0,186.00,190.05,39,WESTBERG-SMITH,12/1984,81,RADIOLARIA,,,,MODERATE,NO AGE GIVEN,486,RPYLS0010,Pylospira sp.,2%,  ,3,6a9a9223c8f858f5f15223371c4d3a23,81-555-17-3
81,555,,17,3,104.0,106.0,186.00,190.05,39,WESTBERG-SMITH,12/1984,81,RADIOLARIA,,,,MODERATE,NO AGE GIVEN,486,RSIPA0005,Siphocampe sp.,13%,  ,3,039e2638277acc020324c6460596292f,81-555-17-3
81,555,,17,3,104.0,106.0,186.00,190.05,39,WESTBERG-SMITH,12/1984,81,RADIOLARIA,,,,MODERATE,NO AGE GIVEN,486,RSPHA0020,Sphaeropyle robusta,TRACE,  ,3,79a9dddb33898b8678fcc5a160faeeac,81-555-17-3
81,555,,17,3,104.0,106.0,186.00,190.05,39,WESTBERG-SMITH,12/1984,81,RADIOLARIA,,,,MODERATE,NO AGE GIVEN,486,RSPOD0010,Spongodiscus sp.,18%,  ,4,7889d71fff37d22b51d0fdfafa4db508,81-555-17-3
81,555,,17,3,104.0,106.0,186.00,190.05,39,WESTBERG-SMITH,12/1984,81,RADIOLARIA,,,,MODERATE,NO AGE GIVEN,486,RSPOO0030,Spongocore sp.,TRACE,  ,4,e99dbfaf2f4c699aee30d07b942f36e3,81-555-17-3
81,555,,17,3,104.0,106.0,186.00,190.05,39,WESTBERG-SMITH,12/1984,81,RADIOLARIA,,,,MODERATE,NO AGE GIVEN,486,RSTIO0010,Stichocorys sp.,TRACE,  ,4,e0fe8b8d57d14b4f3b5512e2fdc220fe,81-555-17-3
81,555,,17,3,104.0,106.0,186.00,190.05,39,WESTBERG-SMITH,12/1984,81,RADIOLARIA,,,,MODERATE,NO AGE GIVEN,486,RSTYC0021,Stylucyclia sp. (q),2%,  ,4,c2f8f71c3f066ed6f986aa35e8993697,81-555-17-3
81,555,,17,3,104.0,106.0,186.00,190.05,39,WESTBERG-SMITH,12/1984,81,RADIOLARIA,,,,MODERATE,NO AGE GIVEN,486,RSTYD0065,Stylodictya sp.,2%,  ,4,10fe66164a8c5fd9eea565a1a0c879ee,81-555-17-3
81,555,,17,3,104.0,106.0,186.00,190.05,39,WESTBERG-SMITH,12/1984,81,RADIOLARIA,,,,MODERATE,NO AGE GIVEN,486,RSTYH0010,Stylosphaera sp.,TRACE,  ,4,5a8f6658370919890d151d09a1081437,81-555-17-3
81,555,,17,3,104.0,106.0,186.00,190.05,39,WESTBERG-SMITH,12/1984,81,RADIOLARIA,,,,MODERATE,NO AGE GIVEN,486,RTHER0010,Theocorys sp.,2%,  ,4,ac437905e5f2828445e2c75c498684e6,81-555-17-3
81,555,,17,3,104.0,106.0,186.00,190.05,39,WESTBERG-SMITH,12/1984,81,RADIOLARIA,,,,MODERATE,NO AGE GIVEN,486,RTRIS0020,Tricolospyris sp. (q),TRACE,  ,4,e4eef812dc21798ee8579082dbbb8c92,81-555-17-3
81,555,,17,3,104.0,106.0,186.00,190.05,39,WESTBERG-SMITH,12/1984,81,RADIOLARIA,,,,MODERATE,NO AGE GIVEN,486,RZYGO0010,Zygocircus sp.,TRACE,  ,4,eb09d3ef29b73ff064bfe8b7e2a63565,81-555-17-3
81,555,,18,2,73.0,75.0,195.50,197.74,48,WESTBERG-SMITH,12/1984,81,RADIOLARIA,,,,MODERATE,NO AGE GIVEN,486,RACAT0005,Acanthodesmia sp.,TRACE,  ,1,b3124d515d44819d2b49ebb619581c0c,81-555-18-2
81,555,,18,2,73.0,75.0,195.50,197.74,48,WESTBERG-SMITH,12/1984,81,RADIOLARIA,,,,MODERATE,NO AGE GIVEN,486,RACTI0090,Actinomma medianum,1%,  ,1,d4c51a707609a6b65baadc3799b2ff9f,81-555-18-2
81,555,,18,2,73.0,75.0,195.50,197.74,48,WESTBERG-SMITH,12/1984,81,RADIOLARIA,,,,MODERATE,NO AGE GIVEN,486,RANOM0030,Anomalacantha dentata,TRACE,  ,1,39fc107bd3d35652a6ed5b7537c49bc6,81-555-18-2
81,555,,18,2,73.0,75.0,195.50,197.74,48,WESTBERG-SMITH,12/1984,81,RADIOLARIA,,,,MODERATE,NO AGE GIVEN,486,RARAH0010,Arachnocorallium sp.,TRACE,  ,1,118c2653f0fd61fb10bbcf3cb74fe263,81-555-18-2
81,555,,18,2,73.0,75.0,195.50,197.74,48,WESTBERG-SMITH,12/1984,81,RADIOLARIA,,,,MODERATE,NO AGE GIVEN,486,RBOTS0010,Botryostrobus sp.,1%,  ,1,2b02740159206f088911d0aeb9d61090,81-555-18-2
81,555,,18,2,73.0,75.0,195.50,197.74,48,WESTBERG-SMITH,12/1984,81,RADIOLARIA,,,,MODERATE,NO AGE GIVEN,486,RCARO0010,Carpocanistrum sp.,TRACE,  ,1,855c43962a06024143f15f7ef6345f13,81-555-18-2
81,555,,18,2,73.0,75.0,195.50,197.74,48,WESTBERG-SMITH,12/1984,81,RADIOLARIA,,,,MODERATE,NO AGE GIVEN,486,RCARP0010,Carpocanarium sp.,1%,  ,1,0e6750746d4f71a97a132315ccf54e0f,81-555-18-2
81,555,,18,2,73.0,75.0,195.50,197.74,48,WESTBERG-SMITH,12/1984,81,RADIOLARIA,,,,MODERATE,NO AGE GIVEN,486,RCERA0010,Ceratocyrtis sp.,1%,  ,1,b2fb7e7d308891299d3e5773a3f3742a,81-555-18-2
81,555,,18,2,73.0,75.0,195.50,197.74,48,WESTBERG-SMITH,12/1984,81,RADIOLARIA,,,,MODERATE,NO AGE GIVEN,486,RCERT0010,Ceratospyris sp.,TRACE,  ,1,09d02a9b19ac6935ce577fec8346ac3c,81-555-18-2
81,555,,18,2,73.0,75.0,195.50,197.74,48,WESTBERG-SMITH,12/1984,81,RADIOLARIA,,,,MODERATE,NO AGE GIVEN,486,RCORU0060,Cornutella sp.,1%,  ,1,e4dbd258c24087dadeb03fd7a2115c44,81-555-18-2
81,555,,18,2,73.0,75.0,195.50,197.74,48,WESTBERG-SMITH,12/1984,81,RADIOLARIA,,,,MODERATE,NO AGE GIVEN,486,RCYRC0020,Cyrtocapsella cornuta,TRACE,  ,2,a52d78561236700faf6d4071b19f613c,81-555-18-2
81,555,,18,2,73.0,75.0,195.50,197.74,48,WESTBERG-SMITH,12/1984,81,RADIOLARIA,,,,MODERATE,NO AGE GIVEN,486,RCYRC0060,Cyrtocapsella japonica,1%,  ,2,8b1bc56e6de9bb684c4076527f904dc6,81-555-18-2
81,555,,18,2,73.0,75.0,195.50,197.74,48,WESTBERG-SMITH,12/1984,81,RADIOLARIA,,,,MODERATE,NO AGE GIVEN,486,RCYRC0070,Cyrtocapsella tetrapera,TRACE,  ,2,93593373596ee2a5973fe166c233ccd3,81-555-18-2
81,555,,18,2,73.0,75.0,195.50,197.74,48,WESTBERG-SMITH,12/1984,81,RADIOLARIA,,,,MODERATE,NO AGE GIVEN,486,RDESM0010,Desmospyris sp.,1%,  ,2,51491411dbfcef367a2c568b55afc174,81-555-18-2
81,555,,18,2,73.0,75.0,195.50,197.74,48,WESTBERG-SMITH,12/1984,81,RADIOLARIA,,,,MODERATE,NO AGE GIVEN,486,RDIAR0040,Diartus pettersoni,TRACE,  ,2,bd1436366820fd97bdc837e0c9a13a07,81-555-18-2
81,555,,18,2,73.0,75.0,195.50,197.74,48,WESTBERG-SMITH,12/1984,81,RADIOLARIA,,,,MODERATE,NO AGE GIVEN,486,RDICY0030,Dictyoceras virchowii,TRACE,  ,2,0ca97f3f601f94f44c5d539bcceb891c,81-555-18-2
81,555,,18,2,73.0,75.0,195.50,197.74,48,WESTBERG-SMITH,12/1984,81,RADIOLARIA,,,,MODERATE,NO AGE GIVEN,486,RDIDY0005,Didymocyrtis sp.,1%,  ,2,f68df7776cc3df3871f08b7581b1d7cb,81-555-18-2
81,555,,18,2,73.0,75.0,195.50,197.74,48,WESTBERG-SMITH,12/1984,81,RADIOLARIA,,,,MODERATE,NO AGE GIVEN,486,RDIDY0007,Didymocyrtis antepenultima,TRACE,  ,2,1501c2bfca92746fa4a135b3ffa41865,81-555-18-2
81,555,,18,2,73.0,75.0,195.50,197.74,48,WESTBERG-SMITH,12/1984,81,RADIOLARIA,,,,MODERATE,NO AGE GIVEN,486,RDIDY0030,Didymocyrtis laticonus,TRACE,  ,2,b7bdcc09fb8b3c526c82df7e31bf6ed6,81-555-18-2
81,555,,18,2,73.0,75.0,195.50,197.74,48,WESTBERG-SMITH,12/1984,81,RADIOLARIA,,,,MODERATE,NO AGE GIVEN,486,RDRUP0010,Druppatractus sp.,2%,  ,2,ffd168c63870e64e0e97dfc259bbe16d,81-555-18-2
81,555,,18,2,73.0,75.0,195.50,197.74,48,WESTBERG-SMITH,12/1984,81,RADIOLARIA,,,,MODERATE,NO AGE GIVEN,486,REUCE0010,Eucecryphalus sp.,TRACE,  ,3,f7ce9ff0c096b9147e52de88fea103c7,81-555-18-2
81,555,,18,2,73.0,75.0,195.50,197.74,48,WESTBERG-SMITH,12/1984,81,RADIOLARIA,,,,MODERATE,NO AGE GIVEN,486,REUCY0050,Eucyrtidium calvertense,TRACE,  ,3,93379c674eb0531be6128c85c9aec50b,81-555-18-2
81,555,,18,2,73.0,75.0,195.50,197.74,48,WESTBERG-SMITH,12/1984,81,RADIOLARIA,,,,MODERATE,NO AGE GIVEN,486,REUCY0060,Eucyrtidium cienkowskii,TRACE,  ,3,89a81331c6133bcd8b5b0b32aed08139,81-555-18-2
81,555,,18,2,73.0,75.0,195.50,197.74,48,WESTBERG-SMITH,12/1984,81,RADIOLARIA,,,,MODERATE,NO AGE GIVEN,486,RGOND0050,Gondwanaria sp.,TRACE,  ,3,56d17b1b3c0f826360780344bc143618,81-555-18-2
81,555,,18,2,73.0,75.0,195.50,197.74,48,WESTBERG-SMITH,12/1984,81,RADIOLARIA,,,,MODERATE,NO AGE GIVEN,486,RHEXA0040,Hexacontium sp.,2%,  ,3,b316a0ee3ee3d513abf71a748a13e146,81-555-18-2
81,555,,18,2,73.0,75.0,195.50,197.74,48,WESTBERG-SMITH,12/1984,81,RADIOLARIA,,,,MODERATE,NO AGE GIVEN,486,RLAMP0050,Lamprocyclas maritalis,TRACE,  ,3,29e672d4bb19f421eb37b9195e3d3219,81-555-18-2
81,555,,18,2,73.0,75.0,195.50,197.74,48,WESTBERG-SMITH,12/1984,81,RADIOLARIA,,,,MODERATE,NO AGE GIVEN,486,RLARP0010,Larcopyle sp.,1%,  ,3,effd1b375e3b84f64fcada43a2e267b0,81-555-18-2
81,555,,18,2,73.0,75.0,195.50,197.74,48,WESTBERG-SMITH,12/1984,81,RADIOLARIA,,,,MODERATE,NO AGE GIVEN,486,RLITE0030,Lithelius minor,34%,  ,3,d2c78330a449a0cbedf80bd4b1d3c353,81-555-18-2
81,555,,18,2,73.0,75.0,195.50,197.74,48,WESTBERG-SMITH,12/1984,81,RADIOLARIA,,,,MODERATE,NO AGE GIVEN,486,RLITR0020,Litharachnium sp.,TRACE,  ,3,00ef8bac499d69322b3bd999b85fe154,81-555-18-2
81,555,,18,2,73.0,75.0,195.50,197.74,48,WESTBERG-SMITH,12/1984,81,RADIOLARIA,,,,MODERATE,NO AGE GIVEN,486,RLITX0030,Lithopera neotera,TRACE,  ,3,1bf331c2b0ab2fe72932a7c5b2afcd9d,81-555-18-2
81,555,,18,2,73.0,75.0,195.50,197.74,48,WESTBERG-SMITH,12/1984,81,RADIOLARIA,,,,MODERATE,NO AGE GIVEN,486,RLITX0040,Lithopera renzae,TRACE,  ,4,fe9b5b12936086b39e66a1343f14a2ee,81-555-18-2
81,555,,18,2,73.0,75.0,195.50,197.74,48,WESTBERG-SMITH,12/1984,81,RADIOLARIA,,,,MODERATE,NO AGE GIVEN,486,RLOPP0010,Lophophaena sp.,1%,  ,4,0c95095a2ffc8c9eda5f8792c31d49d1,81-555-18-2
81,555,,18,2,73.0,75.0,195.50,197.74,48,WESTBERG-SMITH,12/1984,81,RADIOLARIA,,,,MODERATE,NO AGE GIVEN,486,RPHOO0060,Phormostichoartus sp.,TRACE,  ,4,05e1650b3a99a187ff9cd188eda3fe14,81-555-18-2
81,555,,18,2,73.0,75.0,195.50,197.74,48,WESTBERG-SMITH,12/1984,81,RADIOLARIA,,,,MODERATE,NO AGE GIVEN,486,RPORO0070,Porodiscus sp.,10%,  ,4,d98aeec6aa0e478a34284befe5b35370,81-555-18-2
81,555,,18,2,73.0,75.0,195.50,197.74,48,WESTBERG-SMITH,12/1984,81,RADIOLARIA,,,,MODERATE,NO AGE GIVEN,486,RPSEO0010,Pseudodictyophimus sp.,3%,  ,4,99375ebc01be105e180d423b41db4c9f,81-555-18-2
81,555,,18,2,73.0,75.0,195.50,197.74,48,WESTBERG-SMITH,12/1984,81,RADIOLARIA,,,,MODERATE,NO AGE GIVEN,486,RPTER0010,Pterocanium sp.,TRACE,  ,4,052bcc0152f1cfdc008b09c8cacd4e16,81-555-18-2
81,555,,18,2,73.0,75.0,195.50,197.74,48,WESTBERG-SMITH,12/1984,81,RADIOLARIA,,,,MODERATE,NO AGE GIVEN,486,RPYLS0010,Pylospira sp.,1%,  ,4,5abb88f5a17fbc2b7b0eefb2f4b69973,81-555-18-2
81,555,,18,2,73.0,75.0,195.50,197.74,48,WESTBERG-SMITH,12/1984,81,RADIOLARIA,,,,MODERATE,NO AGE GIVEN,486,RSIPA0005,Siphocampe sp.,4%,  ,4,265fc0fd26e6ae3e0be7439c2eaeacd0,81-555-18-2
81,555,,18,2,73.0,75.0,195.50,197.74,48,WESTBERG-SMITH,12/1984,81,RADIOLARIA,,,,MODERATE,NO AGE GIVEN,486,RSPHA0020,Sphaeropyle robusta,TRACE,  ,4,865f6e8029adf30768a84a26d8d248e0,81-555-18-2
81,555,,18,2,73.0,75.0,195.50,197.74,48,WESTBERG-SMITH,12/1984,81,RADIOLARIA,,,,MODERATE,NO AGE GIVEN,486,RSPOD0010,Spongodiscus sp.,10%,  ,4,4713d7e776bd2447dfdd531ded96e8f4,81-555-18-2
81,555,,18,2,73.0,75.0,195.50,197.74,48,WESTBERG-SMITH,12/1984,81,RADIOLARIA,,,,MODERATE,NO AGE GIVEN,486,RSPOO0030,Spongocore sp.,TRACE,  ,5,cd8bdaee5c51ee889085f266f4445d19,81-555-18-2
81,555,,18,2,73.0,75.0,195.50,197.74,48,WESTBERG-SMITH,12/1984,81,RADIOLARIA,,,,MODERATE,NO AGE GIVEN,486,RSTIO0010,Stichocorys sp.,1%,  ,5,9991413b5f2d7d205ef320747b508b08,81-555-18-2
81,555,,18,2,73.0,75.0,195.50,197.74,48,WESTBERG-SMITH,12/1984,81,RADIOLARIA,,,,MODERATE,NO AGE GIVEN,486,RSTYC0021,Stylucyclia sp. (q),TRACE,  ,5,4cd9e6d65a8c23855fca566ad6c85337,81-555-18-2
81,555,,18,2,73.0,75.0,195.50,197.74,48,WESTBERG-SMITH,12/1984,81,RADIOLARIA,,,,MODERATE,NO AGE GIVEN,486,RSTYD0065,Stylodictya sp.,2%,  ,5,b287fda1a209a2a77bfca2023d500fb2,81-555-18-2
81,555,,18,2,73.0,75.0,195.50,197.74,48,WESTBERG-SMITH,12/1984,81,RADIOLARIA,,,,MODERATE,NO AGE GIVEN,486,RSTYH0010,Stylosphaera sp.,1%,  ,5,4cfff50ea1d239bd55a03aee9d31b3ae,81-555-18-2
81,555,,18,2,73.0,75.0,195.50,197.74,48,WESTBERG-SMITH,12/1984,81,RADIOLARIA,,,,MODERATE,NO AGE GIVEN,486,RTHEC0010,Thecosphaera sp.,TRACE,  ,5,e51ae8e8f13761a25b414b131819107a,81-555-18-2
81,555,,18,2,73.0,75.0,195.50,197.74,48,WESTBERG-SMITH,12/1984,81,RADIOLARIA,,,,MODERATE,NO AGE GIVEN,486,RTHER0010,Theocorys sp.,1%,  ,5,55569b1c9675b2c0822f7bb88201d9c1,81-555-18-2
81,555,,18,2,73.0,75.0,195.50,197.74,48,WESTBERG-SMITH,12/1984,81,RADIOLARIA,,,,MODERATE,NO AGE GIVEN,486,RZYGO0010,Zygocircus sp.,1%,  ,5,7437b7bcd17c797036345beda738382a,81-555-18-2
81,555,,19,3,52.0,54.0,205.00,208.53,47,WESTBERG-SMITH,12/1984,81,RADIOLARIA,,,,MODERATE,NO AGE GIVEN,486,RACTI0090,Actinomma medianum,TRACE,  ,1,dba874a501c72086b302388f9a7b194a,81-555-19-3
81,555,,19,3,52.0,54.0,205.00,208.53,47,WESTBERG-SMITH,12/1984,81,RADIOLARIA,,,,MODERATE,NO AGE GIVEN,486,RANOM0030,Anomalacantha dentata,1%,  ,1,2d423f8d5b8dc14b5524428eef895b86,81-555-19-3
81,555,,19,3,52.0,54.0,205.00,208.53,47,WESTBERG-SMITH,12/1984,81,RADIOLARIA,,,,MODERATE,NO AGE GIVEN,486,RANTY0010,Anthocyrtidium sp.,TRACE,  ,1,c3cbd3d79f8a9890f403f6351fb19c51,81-555-19-3
81,555,,19,3,52.0,54.0,205.00,208.53,47,WESTBERG-SMITH,12/1984,81,RADIOLARIA,,,,MODERATE,NO AGE GIVEN,486,RARAH0010,Arachnocorallium sp.,TRACE,  ,1,06200b21837a2eec415b775a31939ec3,81-555-19-3
81,555,,19,3,52.0,54.0,205.00,208.53,47,WESTBERG-SMITH,12/1984,81,RADIOLARIA,,,,MODERATE,NO AGE GIVEN,486,RBOTS0010,Botryostrobus sp.,1%,  ,1,f8ab39e3ad7742cbe2de80d526bfdab7,81-555-19-3
81,555,,19,3,52.0,54.0,205.00,208.53,47,WESTBERG-SMITH,12/1984,81,RADIOLARIA,,,,MODERATE,NO AGE GIVEN,486,RCARO0010,Carpocanistrum sp.,TRACE,  ,1,9c3fd7c1ebeafbbb7771c60b677bf860,81-555-19-3
81,555,,19,3,52.0,54.0,205.00,208.53,47,WESTBERG-SMITH,12/1984,81,RADIOLARIA,,,,MODERATE,NO AGE GIVEN,486,RCARP0010,Carpocanarium sp.,TRACE,  ,1,c1000352d24a22afe8a4d8f99f193bf1,81-555-19-3
81,555,,19,3,52.0,54.0,205.00,208.53,47,WESTBERG-SMITH,12/1984,81,RADIOLARIA,,,,MODERATE,NO AGE GIVEN,486,RCERA0010,Ceratocyrtis sp.,1%,  ,1,718e6a5dc6867ccca699ced56a94ca2e,81-555-19-3
81,555,,19,3,52.0,54.0,205.00,208.53,47,WESTBERG-SMITH,12/1984,81,RADIOLARIA,,,,MODERATE,NO AGE GIVEN,486,RCERT0010,Ceratospyris sp.,TRACE,  ,1,b64cfeee74e200fb8f82a3c80e900ee5,81-555-19-3
81,555,,19,3,52.0,54.0,205.00,208.53,47,WESTBERG-SMITH,12/1984,81,RADIOLARIA,,,,MODERATE,NO AGE GIVEN,486,RCORU0060,Cornutella sp.,1%,  ,1,2d48249f668f4b889248bd826f15a76f,81-555-19-3
81,555,,19,3,52.0,54.0,205.00,208.53,47,WESTBERG-SMITH,12/1984,81,RADIOLARIA,,,,MODERATE,NO AGE GIVEN,486,RCYRC0020,Cyrtocapsella cornuta,2%,  ,2,3f1c162117b26a0699d225a42ee8ff28,81-555-19-3
81,555,,19,3,52.0,54.0,205.00,208.53,47,WESTBERG-SMITH,12/1984,81,RADIOLARIA,,,,MODERATE,NO AGE GIVEN,486,RCYRC0070,Cyrtocapsella tetrapera,2%,  ,2,fb756ddb18e8ac4c9817fe770cd62b07,81-555-19-3
81,555,,19,3,52.0,54.0,205.00,208.53,47,WESTBERG-SMITH,12/1984,81,RADIOLARIA,,,,MODERATE,NO AGE GIVEN,486,RDESM0010,Desmospyris sp.,TRACE,  ,2,cddafff481b365c601447dffc3089f15,81-555-19-3
81,555,,19,3,52.0,54.0,205.00,208.53,47,WESTBERG-SMITH,12/1984,81,RADIOLARIA,,,,MODERATE,NO AGE GIVEN,486,RDICY0030,Dictyoceras virchowii,TRACE,  ,2,ee471d7319bd3b322a9edb99656b5610,81-555-19-3
81,555,,19,3,52.0,54.0,205.00,208.53,47,WESTBERG-SMITH,12/1984,81,RADIOLARIA,,,,MODERATE,NO AGE GIVEN,486,RDIDY0005,Didymocyrtis sp.,TRACE,  ,2,51426bf177c672d57723fdedc30eca23,81-555-19-3
81,555,,19,3,52.0,54.0,205.00,208.53,47,WESTBERG-SMITH,12/1984,81,RADIOLARIA,,,,MODERATE,NO AGE GIVEN,486,RDIDY0030,Didymocyrtis laticonus,TRACE,  ,2,2d2d456ecd5f96052d68a32d128d153c,81-555-19-3
81,555,,19,3,52.0,54.0,205.00,208.53,47,WESTBERG-SMITH,12/1984,81,RADIOLARIA,,,,MODERATE,NO AGE GIVEN,486,RDRUP0010,Druppatractus sp.,1%,  ,2,8f75ad839a5e87b5579ab9656a898105,81-555-19-3
81,555,,19,3,52.0,54.0,205.00,208.53,47,WESTBERG-SMITH,12/1984,81,RADIOLARIA,,,,MODERATE,NO AGE GIVEN,486,REUCE0010,Eucecryphalus sp.,TRACE,  ,2,a1ec0ddeeb0e0480d3784c01320016f6,81-555-19-3
81,555,,19,3,52.0,54.0,205.00,208.53,47,WESTBERG-SMITH,12/1984,81,RADIOLARIA,,,,MODERATE,NO AGE GIVEN,486,REUCY0050,Eucyrtidium calvertense,TRACE,  ,2,af22fd9c5bfec7d943a166e87ab32998,81-555-19-3
81,555,,19,3,52.0,54.0,205.00,208.53,47,WESTBERG-SMITH,12/1984,81,RADIOLARIA,,,,MODERATE,NO AGE GIVEN,486,REUCY0060,Eucyrtidium cienkowskii,1%,  ,2,658fbf722b9bd27723562300a8b11e2f,81-555-19-3
81,555,,19,3,52.0,54.0,205.00,208.53,47,WESTBERG-SMITH,12/1984,81,RADIOLARIA,,,,MODERATE,NO AGE GIVEN,486,REUCY0182,Eucyrtidium punctatum,TRACE,  ,3,182cd6729fe5b0257c387dd3e3cbf40d,81-555-19-3
81,555,,19,3,52.0,54.0,205.00,208.53,47,WESTBERG-SMITH,12/1984,81,RADIOLARIA,,,,MODERATE,NO AGE GIVEN,486,RGOND0050,Gondwanaria sp.,TRACE,  ,3,55173bbdfb3ed8b2390cffe86b331d3b,81-555-19-3
81,555,,19,3,52.0,54.0,205.00,208.53,47,WESTBERG-SMITH,12/1984,81,RADIOLARIA,,,,MODERATE,NO AGE GIVEN,486,RHEXA0040,Hexacontium sp.,1%,  ,3,38c0f800094c82b96bd9fa4537d11276,81-555-19-3
81,555,,19,3,52.0,54.0,205.00,208.53,47,WESTBERG-SMITH,12/1984,81,RADIOLARIA,,,,MODERATE,NO AGE GIVEN,486,RLAMP0010,Lamprocyclas sp.,TRACE,  ,3,756d9dc0fcbd8691bea7b7ac03a10896,81-555-19-3
81,555,,19,3,52.0,54.0,205.00,208.53,47,WESTBERG-SMITH,12/1984,81,RADIOLARIA,,,,MODERATE,NO AGE GIVEN,486,RLAMP0010,Lamprocyclas sp.,TRACE,  ,3,4e6f4bde70f6ece892ab91efa7a5d10d,81-555-19-3
81,555,,19,3,52.0,54.0,205.00,208.53,47,WESTBERG-SMITH,12/1984,81,RADIOLARIA,,,,MODERATE,NO AGE GIVEN,486,RLAMP0050,Lamprocyclas maritalis,TRACE,  ,3,a7dd4504ae5944f726cd93f0929624ea,81-555-19-3
81,555,,19,3,52.0,54.0,205.00,208.53,47,WESTBERG-SMITH,12/1984,81,RADIOLARIA,,,,MODERATE,NO AGE GIVEN,486,RLARP0010,Larcopyle sp.,2%,  ,3,e009da0bb7dc1e3316cc0187e4e4e81b,81-555-19-3
81,555,,19,3,52.0,54.0,205.00,208.53,47,WESTBERG-SMITH,12/1984,81,RADIOLARIA,,,,MODERATE,NO AGE GIVEN,486,RLITE0030,Lithelius minor,34%,  ,3,99cd86ca1701b332b3f0c3001b371e26,81-555-19-3
81,555,,19,3,52.0,54.0,205.00,208.53,47,WESTBERG-SMITH,12/1984,81,RADIOLARIA,,,,MODERATE,NO AGE GIVEN,486,RLITX0030,Lithopera neotera,1%,  ,3,dd64ed351945f08231d3d2166f851199,81-555-19-3
81,555,,19,3,52.0,54.0,205.00,208.53,47,WESTBERG-SMITH,12/1984,81,RADIOLARIA,,,,MODERATE,NO AGE GIVEN,486,RLITX0040,Lithopera renzae,TRACE,  ,3,671970ecf1372fb946aa13d6fdb8674b,81-555-19-3
81,555,,19,3,52.0,54.0,205.00,208.53,47,WESTBERG-SMITH,12/1984,81,RADIOLARIA,,,,MODERATE,NO AGE GIVEN,486,RLOPP0010,Lophophaena sp.,TRACE,  ,4,dba29ba8e4c0bc5d76a786bb6962f332,81-555-19-3
81,555,,19,3,52.0,54.0,205.00,208.53,47,WESTBERG-SMITH,12/1984,81,RADIOLARIA,,,,MODERATE,NO AGE GIVEN,486,RPHOO0060,Phormostichoartus sp.,TRACE,  ,4,cda62402bcb8eba59000615b2ed16abf,81-555-19-3
81,555,,19,3,52.0,54.0,205.00,208.53,47,WESTBERG-SMITH,12/1984,81,RADIOLARIA,,,,MODERATE,NO AGE GIVEN,486,RPORO0070,Porodiscus sp.,14%,  ,4,ff84ae89f42304bfbe4fd0d59cd6a239,81-555-19-3
81,555,,19,3,52.0,54.0,205.00,208.53,47,WESTBERG-SMITH,12/1984,81,RADIOLARIA,,,,MODERATE,NO AGE GIVEN,486,RPSEO0010,Pseudodictyophimus sp.,TRACE,  ,4,db797c2eff80310f1674e239bf940a51,81-555-19-3
81,555,,19,3,52.0,54.0,205.00,208.53,47,WESTBERG-SMITH,12/1984,81,RADIOLARIA,,,,MODERATE,NO AGE GIVEN,486,RPTER0010,Pterocanium sp.,TRACE,  ,4,477abf2196ab76e7a8658c96bba31181,81-555-19-3
81,555,,19,3,52.0,54.0,205.00,208.53,47,WESTBERG-SMITH,12/1984,81,RADIOLARIA,,,,MODERATE,NO AGE GIVEN,486,RPYLS0010,Pylospira sp.,2%,  ,4,2b13317413c3d8a354534f51b1d8406d,81-555-19-3
81,555,,19,3,52.0,54.0,205.00,208.53,47,WESTBERG-SMITH,12/1984,81,RADIOLARIA,,,,MODERATE,NO AGE GIVEN,486,RSIPA0005,Siphocampe sp.,19%,  ,4,90a4fc8d8534a19f25b65547eabf78af,81-555-19-3
81,555,,19,3,52.0,54.0,205.00,208.53,47,WESTBERG-SMITH,12/1984,81,RADIOLARIA,,,,MODERATE,NO AGE GIVEN,486,RSPOD0010,Spongodiscus sp.,7%,  ,4,781c72ce7180ec7723720739c7a7d8d3,81-555-19-3
81,555,,19,3,52.0,54.0,205.00,208.53,47,WESTBERG-SMITH,12/1984,81,RADIOLARIA,,,,MODERATE,NO AGE GIVEN,486,RSPOO0030,Spongocore sp.,TRACE,  ,4,ea210db89cba3e02ca27429431af5838,81-555-19-3
81,555,,19,3,52.0,54.0,205.00,208.53,47,WESTBERG-SMITH,12/1984,81,RADIOLARIA,,,,MODERATE,NO AGE GIVEN,486,RSTIO0010,Stichocorys sp.,TRACE,  ,4,b1febc7b164230b4aec7d907421dbdd1,81-555-19-3
81,555,,19,3,52.0,54.0,205.00,208.53,47,WESTBERG-SMITH,12/1984,81,RADIOLARIA,,,,MODERATE,NO AGE GIVEN,486,RSTIO0050,Stichocorys delmontensis,TRACE,  ,5,c2af02f6cd1b6cde35d3e7a670c67c0c,81-555-19-3
81,555,,19,3,52.0,54.0,205.00,208.53,47,WESTBERG-SMITH,12/1984,81,RADIOLARIA,,,,MODERATE,NO AGE GIVEN,486,RSTYD0065,Stylodictya sp.,2%,  ,5,73263e7f6771ac46b149a2f61af72437,81-555-19-3
81,555,,19,3,52.0,54.0,205.00,208.53,47,WESTBERG-SMITH,12/1984,81,RADIOLARIA,,,,MODERATE,NO AGE GIVEN,486,RSTYH0010,Stylosphaera sp.,1%,  ,5,7333ad99bcf1ab04a8c6ce1925fedbbd,81-555-19-3
81,555,,19,3,52.0,54.0,205.00,208.53,47,WESTBERG-SMITH,12/1984,81,RADIOLARIA,,,,MODERATE,NO AGE GIVEN,486,RTHEC0010,Thecosphaera sp.,TRACE,  ,5,d68f92a44c1f1ee47cb5fa290abbb5d9,81-555-19-3
81,555,,19,3,52.0,54.0,205.00,208.53,47,WESTBERG-SMITH,12/1984,81,RADIOLARIA,,,,MODERATE,NO AGE GIVEN,486,RTHER0010,Theocorys sp.,1%,  ,5,ae073bcff059c0376123c4ba8116f479,81-555-19-3
81,555,,19,3,52.0,54.0,205.00,208.53,47,WESTBERG-SMITH,12/1984,81,RADIOLARIA,,,,MODERATE,NO AGE GIVEN,486,RTRIS0020,Tricolospyris sp. (q),1%,  ,5,b046be28256f85f28625ea853ce1ddd9,81-555-19-3
81,555,,19,3,52.0,54.0,205.00,208.53,47,WESTBERG-SMITH,12/1984,81,RADIOLARIA,,,,MODERATE,NO AGE GIVEN,486,RZYGO0010,Zygocircus sp.,TRACE,  ,5,c3e1919db2f1b28283a8cde5a70245b6,81-555-19-3
81,555,,20,1,24.0,26.0,214.50,214.75,45,WESTBERG-SMITH,12/1984,81,RADIOLARIA,,,,MODERATE,NO AGE GIVEN,486,RACTI0090,Actinomma medianum,TRACE,  ,1,4993b57417d5f545109a87a6de91544e,81-555-20-1
81,555,,20,1,24.0,26.0,214.50,214.75,45,WESTBERG-SMITH,12/1984,81,RADIOLARIA,,,,MODERATE,NO AGE GIVEN,486,RANOM0030,Anomalacantha dentata,1%,  ,1,5ab01d79edf9a6f21bf85891cdd9adb6,81-555-20-1
81,555,,20,1,24.0,26.0,214.50,214.75,45,WESTBERG-SMITH,12/1984,81,RADIOLARIA,,,,MODERATE,NO AGE GIVEN,486,RANTY0010,Anthocyrtidium sp.,TRACE,  ,1,7935457f40344c708a6822eda213591f,81-555-20-1
81,555,,20,1,24.0,26.0,214.50,214.75,45,WESTBERG-SMITH,12/1984,81,RADIOLARIA,,,,MODERATE,NO AGE GIVEN,486,RBOTS0010,Botryostrobus sp.,1%,  ,1,c9e9862cd3d905813cc3b6a593b2007f,81-555-20-1
81,555,,20,1,24.0,26.0,214.50,214.75,45,WESTBERG-SMITH,12/1984,81,RADIOLARIA,,,,MODERATE,NO AGE GIVEN,486,RCARO0010,Carpocanistrum sp.,TRACE,  ,1,01ec009162c149946325b182af6a364d,81-555-20-1
81,555,,20,1,24.0,26.0,214.50,214.75,45,WESTBERG-SMITH,12/1984,81,RADIOLARIA,,,,MODERATE,NO AGE GIVEN,486,RCARP0010,Carpocanarium sp.,TRACE,  ,1,0012969a91a8b03c6f73fa9395bf8444,81-555-20-1
81,555,,20,1,24.0,26.0,214.50,214.75,45,WESTBERG-SMITH,12/1984,81,RADIOLARIA,,,,MODERATE,NO AGE GIVEN,486,RCERA0010,Ceratocyrtis sp.,2%,  ,1,dbf419aef62932ee96dbe03e931a1bc0,81-555-20-1
81,555,,20,1,24.0,26.0,214.50,214.75,45,WESTBERG-SMITH,12/1984,81,RADIOLARIA,,,,MODERATE,NO AGE GIVEN,486,RCERT0010,Ceratospyris sp.,2%,  ,1,aabb77849db8fb95388629a6dec716fb,81-555-20-1
81,555,,20,1,24.0,26.0,214.50,214.75,45,WESTBERG-SMITH,12/1984,81,RADIOLARIA,,,,MODERATE,NO AGE GIVEN,486,RCORU0060,Cornutella sp.,1%,  ,1,be94c213ed5aa35a7d1fb953798270d6,81-555-20-1
81,555,,20,1,24.0,26.0,214.50,214.75,45,WESTBERG-SMITH,12/1984,81,RADIOLARIA,,,,MODERATE,NO AGE GIVEN,486,RCYRC0020,Cyrtocapsella cornuta,TRACE,  ,1,d3f2369b394c3262150cab69a0ae85c3,81-555-20-1
81,555,,20,1,24.0,26.0,214.50,214.75,45,WESTBERG-SMITH,12/1984,81,RADIOLARIA,,,,MODERATE,NO AGE GIVEN,486,RCYRC0070,Cyrtocapsella tetrapera,TRACE,  ,2,d144dabf4de4884a695573b7868b778e,81-555-20-1
81,555,,20,1,24.0,26.0,214.50,214.75,45,WESTBERG-SMITH,12/1984,81,RADIOLARIA,,,,MODERATE,NO AGE GIVEN,486,RCYRP0010,Cyrtopera languncula,TRACE,  ,2,36c3da5d1d9d8002a51840c58bfa0681,81-555-20-1
81,555,,20,1,24.0,26.0,214.50,214.75,45,WESTBERG-SMITH,12/1984,81,RADIOLARIA,,,,MODERATE,NO AGE GIVEN,486,RDESM0010,Desmospyris sp.,TRACE,  ,2,d8db67258985e6e0723723c4596ae71a,81-555-20-1
81,555,,20,1,24.0,26.0,214.50,214.75,45,WESTBERG-SMITH,12/1984,81,RADIOLARIA,,,,MODERATE,NO AGE GIVEN,486,RDICY0030,Dictyoceras virchowii,2%,  ,2,e01a191dcf749c26eca1759df163866d,81-555-20-1
81,555,,20,1,24.0,26.0,214.50,214.75,45,WESTBERG-SMITH,12/1984,81,RADIOLARIA,,,,MODERATE,NO AGE GIVEN,486,RDIDY0005,Didymocyrtis sp.,TRACE,  ,2,68b0a8b1956b376727cff857b57af2ff,81-555-20-1
81,555,,20,1,24.0,26.0,214.50,214.75,45,WESTBERG-SMITH,12/1984,81,RADIOLARIA,,,,MODERATE,NO AGE GIVEN,486,RDIDY0030,Didymocyrtis laticonus,TRACE,  ,2,e2ee60eff47490cdb641073a74fb1c82,81-555-20-1
81,555,,20,1,24.0,26.0,214.50,214.75,45,WESTBERG-SMITH,12/1984,81,RADIOLARIA,,,,MODERATE,NO AGE GIVEN,486,RDRUP0010,Druppatractus sp.,1%,  ,2,d2c680e4d155e01f228b3945071665d1,81-555-20-1
81,555,,20,1,24.0,26.0,214.50,214.75,45,WESTBERG-SMITH,12/1984,81,RADIOLARIA,,,,MODERATE,NO AGE GIVEN,486,REUCE0010,Eucecryphalus sp.,TRACE,  ,2,820ce3c52ef05313fabf56f92e160005,81-555-20-1
81,555,,20,1,24.0,26.0,214.50,214.75,45,WESTBERG-SMITH,12/1984,81,RADIOLARIA,,,,MODERATE,NO AGE GIVEN,486,REUCY0060,Eucyrtidium cienkowskii,1%,  ,2,04dbcaf716e7ad963ea825a31d400e83,81-555-20-1
81,555,,20,1,24.0,26.0,214.50,214.75,45,WESTBERG-SMITH,12/1984,81,RADIOLARIA,,,,MODERATE,NO AGE GIVEN,486,RGOND0050,Gondwanaria sp.,TRACE,  ,2,52248126b6618bba98e7a12de90d6a45,81-555-20-1
81,555,,20,1,24.0,26.0,214.50,214.75,45,WESTBERG-SMITH,12/1984,81,RADIOLARIA,,,,MODERATE,NO AGE GIVEN,486,RHEXA0040,Hexacontium sp.,1%,  ,3,1fbf5b1f403b2f5b098500de6d50f03a,81-555-20-1
81,555,,20,1,24.0,26.0,214.50,214.75,45,WESTBERG-SMITH,12/1984,81,RADIOLARIA,,,,MODERATE,NO AGE GIVEN,486,RLAMP0050,Lamprocyclas maritalis,TRACE,  ,3,ccc2dd46e838f6607cefff8f51c9c91f,81-555-20-1
81,555,,20,1,24.0,26.0,214.50,214.75,45,WESTBERG-SMITH,12/1984,81,RADIOLARIA,,,,MODERATE,NO AGE GIVEN,486,RLARP0010,Larcopyle sp.,1%,  ,3,fc8e3bfdaa8b1128bcaaef2c43e2bf42,81-555-20-1
81,555,,20,1,24.0,26.0,214.50,214.75,45,WESTBERG-SMITH,12/1984,81,RADIOLARIA,,,,MODERATE,NO AGE GIVEN,486,RLITE0030,Lithelius minor,41%,  ,3,619cdf1e85b9237f7200357685c5dd7f,81-555-20-1
81,555,,20,1,24.0,26.0,214.50,214.75,45,WESTBERG-SMITH,12/1984,81,RADIOLARIA,,,,MODERATE,NO AGE GIVEN,486,RLITR0020,Litharachnium sp.,TRACE,  ,3,d066653aa50121af2b0023ca6d1f1a0a,81-555-20-1
81,555,,20,1,24.0,26.0,214.50,214.75,45,WESTBERG-SMITH,12/1984,81,RADIOLARIA,,,,MODERATE,NO AGE GIVEN,486,RLITX0030,Lithopera neotera,1%,  ,3,485f246d7472eeb6a855e29f9cfbb402,81-555-20-1
81,555,,20,1,24.0,26.0,214.50,214.75,45,WESTBERG-SMITH,12/1984,81,RADIOLARIA,,,,MODERATE,NO AGE GIVEN,486,RLITX0040,Lithopera renzae,TRACE,  ,3,adcf9a501e9f47dfc904508e569bacf6,81-555-20-1
81,555,,20,1,24.0,26.0,214.50,214.75,45,WESTBERG-SMITH,12/1984,81,RADIOLARIA,,,,MODERATE,NO AGE GIVEN,486,RLOPP0010,Lophophaena sp.,2%,  ,3,d4748309446978c15abdce9e6fbf9116,81-555-20-1
81,555,,20,1,24.0,26.0,214.50,214.75,45,WESTBERG-SMITH,12/1984,81,RADIOLARIA,,,,MODERATE,NO AGE GIVEN,486,RPHOO0060,Phormostichoartus sp.,1%,  ,3,98b58ccec2a7fc2cff8f1c4af6ad169d,81-555-20-1
81,555,,20,1,24.0,26.0,214.50,214.75,45,WESTBERG-SMITH,12/1984,81,RADIOLARIA,,,,MODERATE,NO AGE GIVEN,486,RPORO0070,Porodiscus sp.,12%,  ,3,94c1c8c1230fd604fef45c87f28639ce,81-555-20-1
81,555,,20,1,24.0,26.0,214.50,214.75,45,WESTBERG-SMITH,12/1984,81,RADIOLARIA,,,,MODERATE,NO AGE GIVEN,486,RPSEO0010,Pseudodictyophimus sp.,1%,  ,4,aa714ab03d9bc25551657362c17ee03a,81-555-20-1
81,555,,20,1,24.0,26.0,214.50,214.75,45,WESTBERG-SMITH,12/1984,81,RADIOLARIA,,,,MODERATE,NO AGE GIVEN,486,RPTER0010,Pterocanium sp.,TRACE,  ,4,01f43f53d9b01bed5c21c1511c30b4df,81-555-20-1
81,555,,20,1,24.0,26.0,214.50,214.75,45,WESTBERG-SMITH,12/1984,81,RADIOLARIA,,,,MODERATE,NO AGE GIVEN,486,RPYLS0010,Pylospira sp.,3%,  ,4,fdddd0631035ef9436fd078b9cc79d2c,81-555-20-1
81,555,,20,1,24.0,26.0,214.50,214.75,45,WESTBERG-SMITH,12/1984,81,RADIOLARIA,,,,MODERATE,NO AGE GIVEN,486,RSIPA0005,Siphocampe sp.,4%,  ,4,8ce75c6e4cbc0781278a23dfd84d393d,81-555-20-1
81,555,,20,1,24.0,26.0,214.50,214.75,45,WESTBERG-SMITH,12/1984,81,RADIOLARIA,,,,MODERATE,NO AGE GIVEN,486,RSPHA0020,Sphaeropyle robusta,TRACE,  ,4,e5c81c646ae2c1c38d69f26a6fb89040,81-555-20-1
81,555,,20,1,24.0,26.0,214.50,214.75,45,WESTBERG-SMITH,12/1984,81,RADIOLARIA,,,,MODERATE,NO AGE GIVEN,486,RSPOD0010,Spongodiscus sp.,7%,  ,4,8b67525b638f93ba2a3e53dfd8e596f2,81-555-20-1
81,555,,20,1,24.0,26.0,214.50,214.75,45,WESTBERG-SMITH,12/1984,81,RADIOLARIA,,,,MODERATE,NO AGE GIVEN,486,RSPOO0030,Spongocore sp.,TRACE,  ,4,cead8ce4d1fd2ce9461e8b073e831303,81-555-20-1
81,555,,20,1,24.0,26.0,214.50,214.75,45,WESTBERG-SMITH,12/1984,81,RADIOLARIA,,,,MODERATE,NO AGE GIVEN,486,RSTIO0050,Stichocorys delmontensis,TRACE,  ,4,a7b593f117b773c11f158fc3eae22061,81-555-20-1
81,555,,20,1,24.0,26.0,214.50,214.75,45,WESTBERG-SMITH,12/1984,81,RADIOLARIA,,,,MODERATE,NO AGE GIVEN,486,RSTYC0021,Stylucyclia sp. (q),2%,  ,4,7b5c136aed1932b148127d40c32e31d3,81-555-20-1
81,555,,20,1,24.0,26.0,214.50,214.75,45,WESTBERG-SMITH,12/1984,81,RADIOLARIA,,,,MODERATE,NO AGE GIVEN,486,RSTYD0065,Stylodictya sp.,3%,  ,4,919f372346aacd4b39549088761f6e1f,81-555-20-1
81,555,,20,1,24.0,26.0,214.50,214.75,45,WESTBERG-SMITH,12/1984,81,RADIOLARIA,,,,MODERATE,NO AGE GIVEN,486,RSTYH0010,Stylosphaera sp.,2%,  ,5,f50a40ffdc7652d2e45b681a913f1965,81-555-20-1
81,555,,20,1,24.0,26.0,214.50,214.75,45,WESTBERG-SMITH,12/1984,81,RADIOLARIA,,,,MODERATE,NO AGE GIVEN,486,RTHEC0010,Thecosphaera sp.,TRACE,  ,5,fb9e1be2a8b0225c1e78513c292646d3,81-555-20-1
81,555,,20,1,24.0,26.0,214.50,214.75,45,WESTBERG-SMITH,12/1984,81,RADIOLARIA,,,,MODERATE,NO AGE GIVEN,486,RTHER0010,Theocorys sp.,TRACE,  ,5,15feacb238b13853433373de720640de,81-555-20-1
81,555,,20,1,24.0,26.0,214.50,214.75,45,WESTBERG-SMITH,12/1984,81,RADIOLARIA,,,,MODERATE,NO AGE GIVEN,486,RTRIS0020,Tricolospyris sp. (q),TRACE,  ,5,ef76da8ec5120e3932f6a2e6aa3df28f,81-555-20-1
81,555,,20,1,24.0,26.0,214.50,214.75,45,WESTBERG-SMITH,12/1984,81,RADIOLARIA,,,,MODERATE,NO AGE GIVEN,486,RZYGO0010,Zygocircus sp.,TRACE,  ,5,d67e0cf519fa89008b026c16f1f4b8ac,81-555-20-1
81,555,,21,2,45.0,47.0,224.00,225.96,37,WESTBERG-SMITH,12/1984,81,RADIOLARIA,,,,MODERATE,NO AGE GIVEN,486,RACTI0090,Actinomma medianum,1%,  ,1,1126da268e241df3c741fcd546d6caba,81-555-21-2
81,555,,21,2,45.0,47.0,224.00,225.96,37,WESTBERG-SMITH,12/1984,81,RADIOLARIA,,,,MODERATE,NO AGE GIVEN,486,RANOM0030,Anomalacantha dentata,TRACE,  ,1,163794e0101fd1ffb631ecef2262e04f,81-555-21-2
81,555,,21,2,45.0,47.0,224.00,225.96,37,WESTBERG-SMITH,12/1984,81,RADIOLARIA,,,,MODERATE,NO AGE GIVEN,486,RANTY0010,Anthocyrtidium sp.,TRACE,  ,1,57028b8e2f3dc6268380ddf0a3fc3d30,81-555-21-2
81,555,,21,2,45.0,47.0,224.00,225.96,37,WESTBERG-SMITH,12/1984,81,RADIOLARIA,,,,MODERATE,NO AGE GIVEN,486,RBOTS0010,Botryostrobus sp.,3%,  ,1,dfa92beeb123edb86c688d77920cc3de,81-555-21-2
81,555,,21,2,45.0,47.0,224.00,225.96,37,WESTBERG-SMITH,12/1984,81,RADIOLARIA,,,,MODERATE,NO AGE GIVEN,486,RCERA0010,Ceratocyrtis sp.,3%,  ,1,baba3bfd45babaa9e89fa51a8124bc97,81-555-21-2
81,555,,21,2,45.0,47.0,224.00,225.96,37,WESTBERG-SMITH,12/1984,81,RADIOLARIA,,,,MODERATE,NO AGE GIVEN,486,RCERT0010,Ceratospyris sp.,TRACE,  ,1,c2c2ca7d552016c2c8b3107046de210e,81-555-21-2
81,555,,21,2,45.0,47.0,224.00,225.96,37,WESTBERG-SMITH,12/1984,81,RADIOLARIA,,,,MODERATE,NO AGE GIVEN,486,RCORU0060,Cornutella sp.,1%,  ,1,7b36c570856a776327e628cd0c34125d,81-555-21-2
81,555,,21,2,45.0,47.0,224.00,225.96,37,WESTBERG-SMITH,12/1984,81,RADIOLARIA,,,,MODERATE,NO AGE GIVEN,486,RCYRC0020,Cyrtocapsella cornuta,TRACE,  ,1,1a9e9110293590683263e0e5623a64a5,81-555-21-2
81,555,,21,2,45.0,47.0,224.00,225.96,37,WESTBERG-SMITH,12/1984,81,RADIOLARIA,,,,MODERATE,NO AGE GIVEN,486,RCYRC0070,Cyrtocapsella tetrapera,2%,  ,1,2ba46f0df618251d07c8d6d966eefd52,81-555-21-2
81,555,,21,2,45.0,47.0,224.00,225.96,37,WESTBERG-SMITH,12/1984,81,RADIOLARIA,,,,MODERATE,NO AGE GIVEN,486,RDICY0030,Dictyoceras virchowii,TRACE,  ,1,b51a902ef9b0a7ca4ce921526cb65355,81-555-21-2
81,555,,21,2,45.0,47.0,224.00,225.96,37,WESTBERG-SMITH,12/1984,81,RADIOLARIA,,,,MODERATE,NO AGE GIVEN,486,RDIDY0005,Didymocyrtis sp.,TRACE,  ,2,4724cf29346993e953e65d2a2ac41a39,81-555-21-2
81,555,,21,2,45.0,47.0,224.00,225.96,37,WESTBERG-SMITH,12/1984,81,RADIOLARIA,,,,MODERATE,NO AGE GIVEN,486,RDRUP0010,Druppatractus sp.,1%,  ,2,6279c1b3a10e40b2dd4618b226ca43ec,81-555-21-2
81,555,,21,2,45.0,47.0,224.00,225.96,37,WESTBERG-SMITH,12/1984,81,RADIOLARIA,,,,MODERATE,NO AGE GIVEN,486,REUCE0010,Eucecryphalus sp.,1%,  ,2,932b804504b908e482377e91e060fffa,81-555-21-2
81,555,,21,2,45.0,47.0,224.00,225.96,37,WESTBERG-SMITH,12/1984,81,RADIOLARIA,,,,MODERATE,NO AGE GIVEN,486,REUCY0060,Eucyrtidium cienkowskii,TRACE,  ,2,8459fc87c4079222edda3a1613bc1331,81-555-21-2
81,555,,21,2,45.0,47.0,224.00,225.96,37,WESTBERG-SMITH,12/1984,81,RADIOLARIA,,,,MODERATE,NO AGE GIVEN,486,REUCY0182,Eucyrtidium punctatum,TRACE,  ,2,45e9efb3e68b08817af8cea85b5b495d,81-555-21-2
81,555,,21,2,45.0,47.0,224.00,225.96,37,WESTBERG-SMITH,12/1984,81,RADIOLARIA,,,,MODERATE,NO AGE GIVEN,486,RGOND0050,Gondwanaria sp.,TRACE,  ,2,d2c61fe1cedd1d2e3622aa7258cc931f,81-555-21-2
81,555,,21,2,45.0,47.0,224.00,225.96,37,WESTBERG-SMITH,12/1984,81,RADIOLARIA,,,,MODERATE,NO AGE GIVEN,486,RHEXA0040,Hexacontium sp.,6%,  ,2,b2a541c712b9af13d5de19b2de05c2d8,81-555-21-2
81,555,,21,2,45.0,47.0,224.00,225.96,37,WESTBERG-SMITH,12/1984,81,RADIOLARIA,,,,MODERATE,NO AGE GIVEN,486,RLAMP0010,Lamprocyclas sp.,TRACE,  ,2,1f8166a346667c8e24f07cf14ed2009d,81-555-21-2
81,555,,21,2,45.0,47.0,224.00,225.96,37,WESTBERG-SMITH,12/1984,81,RADIOLARIA,,,,MODERATE,NO AGE GIVEN,486,RLARP0010,Larcopyle sp.,1%,  ,2,a7442295c20e19c55a2b4636d5217545,81-555-21-2
81,555,,21,2,45.0,47.0,224.00,225.96,37,WESTBERG-SMITH,12/1984,81,RADIOLARIA,,,,MODERATE,NO AGE GIVEN,486,RLITE0030,Lithelius minor,21%,  ,2,6580a8412943c19f6fcdbbbaee61ba91,81-555-21-2
81,555,,21,2,45.0,47.0,224.00,225.96,37,WESTBERG-SMITH,12/1984,81,RADIOLARIA,,,,MODERATE,NO AGE GIVEN,486,RLITX0040,Lithopera renzae,TRACE,  ,3,a5f884146d4314e9b49f2a7498ddc05c,81-555-21-2
81,555,,21,2,45.0,47.0,224.00,225.96,37,WESTBERG-SMITH,12/1984,81,RADIOLARIA,,,,MODERATE,NO AGE GIVEN,486,RLOPP0010,Lophophaena sp.,2%,  ,3,6bec65b6e4a0f303871ddfef7328b99f,81-555-21-2
81,555,,21,2,45.0,47.0,224.00,225.96,37,WESTBERG-SMITH,12/1984,81,RADIOLARIA,,,,MODERATE,NO AGE GIVEN,486,RPHOO0060,Phormostichoartus sp.,1%,  ,3,4210cb64d9147d2ebed8a01aee18f259,81-555-21-2
81,555,,21,2,45.0,47.0,224.00,225.96,37,WESTBERG-SMITH,12/1984,81,RADIOLARIA,,,,MODERATE,NO AGE GIVEN,486,RPORO0070,Porodiscus sp.,10%,  ,3,044817707580399c63c5de865dd2e94f,81-555-21-2
81,555,,21,2,45.0,47.0,224.00,225.96,37,WESTBERG-SMITH,12/1984,81,RADIOLARIA,,,,MODERATE,NO AGE GIVEN,486,RPSEO0010,Pseudodictyophimus sp.,1%,  ,3,cb6f3c0cc74d947f448434e05c288082,81-555-21-2
81,555,,21,2,45.0,47.0,224.00,225.96,37,WESTBERG-SMITH,12/1984,81,RADIOLARIA,,,,MODERATE,NO AGE GIVEN,486,RPTER0010,Pterocanium sp.,TRACE,  ,3,a72771b4e7ab1faa6c14a5d5239f44f6,81-555-21-2
81,555,,21,2,45.0,47.0,224.00,225.96,37,WESTBERG-SMITH,12/1984,81,RADIOLARIA,,,,MODERATE,NO AGE GIVEN,486,RPYLS0010,Pylospira sp.,3%,  ,3,4680cc3818f8bf81da7728d9d08f0954,81-555-21-2
81,555,,21,2,45.0,47.0,224.00,225.96,37,WESTBERG-SMITH,12/1984,81,RADIOLARIA,,,,MODERATE,NO AGE GIVEN,486,RSIPA0005,Siphocampe sp.,4%,  ,3,473ae685345c35dd58d3bb44a0bef161,81-555-21-2
81,555,,21,2,45.0,47.0,224.00,225.96,37,WESTBERG-SMITH,12/1984,81,RADIOLARIA,,,,MODERATE,NO AGE GIVEN,486,RSPHA0020,Sphaeropyle robusta,TRACE,  ,3,3e77b9034f6eb8f6de5f899901b180f5,81-555-21-2
81,555,,21,2,45.0,47.0,224.00,225.96,37,WESTBERG-SMITH,12/1984,81,RADIOLARIA,,,,MODERATE,NO AGE GIVEN,486,RSPOD0010,Spongodiscus sp.,8%,  ,3,170ce299f18e13bbaa423bfb28182300,81-555-21-2
81,555,,21,2,45.0,47.0,224.00,225.96,37,WESTBERG-SMITH,12/1984,81,RADIOLARIA,,,,MODERATE,NO AGE GIVEN,486,RSPOO0030,Spongocore sp.,TRACE,  ,4,0bba12f5d5c9cf3084624d048b9ad4d2,81-555-21-2
81,555,,21,2,45.0,47.0,224.00,225.96,37,WESTBERG-SMITH,12/1984,81,RADIOLARIA,,,,MODERATE,NO AGE GIVEN,486,RSTIO0050,Stichocorys delmontensis,1%,  ,4,bc8c55e74fa645b7a8233f77208f6fd3,81-555-21-2
81,555,,21,2,45.0,47.0,224.00,225.96,37,WESTBERG-SMITH,12/1984,81,RADIOLARIA,,,,MODERATE,NO AGE GIVEN,486,RSTYC0021,Stylucyclia sp. (q),3%,  ,4,a613ba36c4389e036279192a2cf3a9c7,81-555-21-2
81,555,,21,2,45.0,47.0,224.00,225.96,37,WESTBERG-SMITH,12/1984,81,RADIOLARIA,,,,MODERATE,NO AGE GIVEN,486,RSTYD0065,Stylodictya sp.,4%,  ,4,cb0b2b9977760fd65a45e9886c4ee4da,81-555-21-2
81,555,,21,2,45.0,47.0,224.00,225.96,37,WESTBERG-SMITH,12/1984,81,RADIOLARIA,,,,MODERATE,NO AGE GIVEN,486,RSTYH0010,Stylosphaera sp.,1%,  ,4,3f50a921a254760746918f7a29359f37,81-555-21-2
81,555,,21,2,45.0,47.0,224.00,225.96,37,WESTBERG-SMITH,12/1984,81,RADIOLARIA,,,,MODERATE,NO AGE GIVEN,486,RTHER0010,Theocorys sp.,TRACE,  ,4,b0f843fc13178809ae38a443c3fc8157,81-555-21-2
81,555,,21,2,45.0,47.0,224.00,225.96,37,WESTBERG-SMITH,12/1984,81,RADIOLARIA,,,,MODERATE,NO AGE GIVEN,486,RZYGO0010,Zygocircus sp.,TRACE,  ,4,1a342372b6b0d86e0696c3416dc55407,81-555-21-2
81,555,,22,1,37.0,39.0,233.50,233.88,42,WESTBERG-SMITH,12/1984,81,RADIOLARIA,,,,MODERATE,NO AGE GIVEN,486,RACAT0005,Acanthodesmia sp.,TRACE,  ,1,be816f9751fb8d4f4899eb84b29af9b0,81-555-22-1
81,555,,22,1,37.0,39.0,233.50,233.88,42,WESTBERG-SMITH,12/1984,81,RADIOLARIA,,,,MODERATE,NO AGE GIVEN,486,RACTI0090,Actinomma medianum,TRACE,  ,1,01d05423f3cbe2ef2d8e298a26702489,81-555-22-1
81,555,,22,1,37.0,39.0,233.50,233.88,42,WESTBERG-SMITH,12/1984,81,RADIOLARIA,,,,MODERATE,NO AGE GIVEN,486,RANOM0030,Anomalacantha dentata,1%,  ,1,a5aa079a11a042709d5ce1b2c97986d7,81-555-22-1
81,555,,22,1,37.0,39.0,233.50,233.88,42,WESTBERG-SMITH,12/1984,81,RADIOLARIA,,,,MODERATE,NO AGE GIVEN,486,RANTY0010,Anthocyrtidium sp.,TRACE,  ,1,a50e0b084fa87cfce26cf47b82cbf803,81-555-22-1
81,555,,22,1,37.0,39.0,233.50,233.88,42,WESTBERG-SMITH,12/1984,81,RADIOLARIA,,,,MODERATE,NO AGE GIVEN,486,RARAH0010,Arachnocorallium sp.,TRACE,  ,1,a39be7a2284cbda28daef8af5b193165,81-555-22-1
81,555,,22,1,37.0,39.0,233.50,233.88,42,WESTBERG-SMITH,12/1984,81,RADIOLARIA,,,,MODERATE,NO AGE GIVEN,486,RBOTS0010,Botryostrobus sp.,2%,  ,1,e7b452bd49cbcc133669c4182a84281f,81-555-22-1
81,555,,22,1,37.0,39.0,233.50,233.88,42,WESTBERG-SMITH,12/1984,81,RADIOLARIA,,,,MODERATE,NO AGE GIVEN,486,RCERA0010,Ceratocyrtis sp.,1%,  ,1,23c879cb8d2c6c7cb2d0eba38cce702f,81-555-22-1
81,555,,22,1,37.0,39.0,233.50,233.88,42,WESTBERG-SMITH,12/1984,81,RADIOLARIA,,,,MODERATE,NO AGE GIVEN,486,RCERT0010,Ceratospyris sp.,1%,  ,1,7e903d3485d73223211b54d55ed3878c,81-555-22-1
81,555,,22,1,37.0,39.0,233.50,233.88,42,WESTBERG-SMITH,12/1984,81,RADIOLARIA,,,,MODERATE,NO AGE GIVEN,486,RCORU0060,Cornutella sp.,1%,  ,1,2c9895aecfa0e2d6c81ca3b9df0c6d09,81-555-22-1
81,555,,22,1,37.0,39.0,233.50,233.88,42,WESTBERG-SMITH,12/1984,81,RADIOLARIA,,,,MODERATE,NO AGE GIVEN,486,RCYRC0020,Cyrtocapsella cornuta,TRACE,  ,1,a6b3fcd7e3126ce93cfa810ecc4b6884,81-555-22-1
81,555,,22,1,37.0,39.0,233.50,233.88,42,WESTBERG-SMITH,12/1984,81,RADIOLARIA,,,,MODERATE,NO AGE GIVEN,486,RCYRC0070,Cyrtocapsella tetrapera,1%,  ,2,7c31a64565efd4d8d4ef1cd717e0232e,81-555-22-1
81,555,,22,1,37.0,39.0,233.50,233.88,42,WESTBERG-SMITH,12/1984,81,RADIOLARIA,,,,MODERATE,NO AGE GIVEN,486,RDICY0030,Dictyoceras virchowii,TRACE,  ,2,a5bd078913ba830e5525e09ece4e69ca,81-555-22-1
81,555,,22,1,37.0,39.0,233.50,233.88,42,WESTBERG-SMITH,12/1984,81,RADIOLARIA,,,,MODERATE,NO AGE GIVEN,486,RDRUP0010,Druppatractus sp.,3%,  ,2,d61c2d7eb0d14c3d8e01773e7f4b05d4,81-555-22-1
81,555,,22,1,37.0,39.0,233.50,233.88,42,WESTBERG-SMITH,12/1984,81,RADIOLARIA,,,,MODERATE,NO AGE GIVEN,486,REUCE0010,Eucecryphalus sp.,TRACE,  ,2,7acb99699fc37615815d4304c9faf619,81-555-22-1
81,555,,22,1,37.0,39.0,233.50,233.88,42,WESTBERG-SMITH,12/1984,81,RADIOLARIA,,,,MODERATE,NO AGE GIVEN,486,REUCY0050,Eucyrtidium calvertense,TRACE,  ,2,aa55b0ae7698094bee900b935433b936,81-555-22-1
81,555,,22,1,37.0,39.0,233.50,233.88,42,WESTBERG-SMITH,12/1984,81,RADIOLARIA,,,,MODERATE,NO AGE GIVEN,486,REUCY0060,Eucyrtidium cienkowskii,TRACE,  ,2,68e9fb4baf37dd65f67eb360ff1c0b76,81-555-22-1
81,555,,22,1,37.0,39.0,233.50,233.88,42,WESTBERG-SMITH,12/1984,81,RADIOLARIA,,,,MODERATE,NO AGE GIVEN,486,RGOND0050,Gondwanaria sp.,TRACE,  ,2,886a1843a21c9e2baf6c35fc8a7f8d33,81-555-22-1
81,555,,22,1,37.0,39.0,233.50,233.88,42,WESTBERG-SMITH,12/1984,81,RADIOLARIA,,,,MODERATE,NO AGE GIVEN,486,RHAEC0010,Haeckeliella inconstans,TRACE,  ,2,214f4b07893ef47841bf057876e968a6,81-555-22-1
81,555,,22,1,37.0,39.0,233.50,233.88,42,WESTBERG-SMITH,12/1984,81,RADIOLARIA,,,,MODERATE,NO AGE GIVEN,486,RHEXA0040,Hexacontium sp.,5%,  ,2,e2c0ccf8bdc3b01f0e45837fe7953251,81-555-22-1
81,555,,22,1,37.0,39.0,233.50,233.88,42,WESTBERG-SMITH,12/1984,81,RADIOLARIA,,,,MODERATE,NO AGE GIVEN,486,RLAMP0010,Lamprocyclas sp.,TRACE,  ,2,c3b1770387a1759c06ea2647ff8e249d,81-555-22-1
81,555,,22,1,37.0,39.0,233.50,233.88,42,WESTBERG-SMITH,12/1984,81,RADIOLARIA,,,,MODERATE,NO AGE GIVEN,486,RLAMP0050,Lamprocyclas maritalis,TRACE,  ,3,048f5fd6a17e29d157565226182997be,81-555-22-1
81,555,,22,1,37.0,39.0,233.50,233.88,42,WESTBERG-SMITH,12/1984,81,RADIOLARIA,,,,MODERATE,NO AGE GIVEN,486,RLARC0030,Larcospira sp.,TRACE,  ,3,28951835bbd618f6eed423d61c9f070c,81-555-22-1
81,555,,22,1,37.0,39.0,233.50,233.88,42,WESTBERG-SMITH,12/1984,81,RADIOLARIA,,,,MODERATE,NO AGE GIVEN,486,RLARP0010,Larcopyle sp.,1%,  ,3,f2d0792e3e4339d2d7c08a2bcde48cec,81-555-22-1
81,555,,22,1,37.0,39.0,233.50,233.88,42,WESTBERG-SMITH,12/1984,81,RADIOLARIA,,,,MODERATE,NO AGE GIVEN,486,RLITE0030,Lithelius minor,22%,  ,3,050353bf6b861708b53499b16e16b074,81-555-22-1
81,555,,22,1,37.0,39.0,233.50,233.88,42,WESTBERG-SMITH,12/1984,81,RADIOLARIA,,,,MODERATE,NO AGE GIVEN,486,RLITR0020,Litharachnium sp.,TRACE,  ,3,71349e04f961751cf484377c6ae4e733,81-555-22-1
81,555,,22,1,37.0,39.0,233.50,233.88,42,WESTBERG-SMITH,12/1984,81,RADIOLARIA,,,,MODERATE,NO AGE GIVEN,486,RLITX0040,Lithopera renzae,TRACE,  ,3,1232d3c113424809b050d03a9c667fb7,81-555-22-1
81,555,,22,1,37.0,39.0,233.50,233.88,42,WESTBERG-SMITH,12/1984,81,RADIOLARIA,,,,MODERATE,NO AGE GIVEN,486,RLOPP0010,Lophophaena sp.,5%,  ,3,a8a964e377ffce441e48ad9a15b06d5d,81-555-22-1
81,555,,22,1,37.0,39.0,233.50,233.88,42,WESTBERG-SMITH,12/1984,81,RADIOLARIA,,,,MODERATE,NO AGE GIVEN,486,RPHOO0060,Phormostichoartus sp.,1%,  ,3,449a98aefd64b70c5b0979da9668a27a,81-555-22-1
81,555,,22,1,37.0,39.0,233.50,233.88,42,WESTBERG-SMITH,12/1984,81,RADIOLARIA,,,,MODERATE,NO AGE GIVEN,486,RPORO0070,Porodiscus sp.,13%,  ,3,91df714bca554154fca97ab671d29ab3,81-555-22-1
81,555,,22,1,37.0,39.0,233.50,233.88,42,WESTBERG-SMITH,12/1984,81,RADIOLARIA,,,,MODERATE,NO AGE GIVEN,486,RPSEO0010,Pseudodictyophimus sp.,TRACE,  ,3,ca04b4d162d62dcce9dfa05976e19a56,81-555-22-1
81,555,,22,1,37.0,39.0,233.50,233.88,42,WESTBERG-SMITH,12/1984,81,RADIOLARIA,,,,MODERATE,NO AGE GIVEN,486,RPTER0010,Pterocanium sp.,TRACE,  ,4,95a34157d53523145eea80ddafaf571b,81-555-22-1
81,555,,22,1,37.0,39.0,233.50,233.88,42,WESTBERG-SMITH,12/1984,81,RADIOLARIA,,,,MODERATE,NO AGE GIVEN,486,RPYLS0010,Pylospira sp.,7%,  ,4,745afb870e24896ed66db0c86ad4b691,81-555-22-1
81,555,,22,1,37.0,39.0,233.50,233.88,42,WESTBERG-SMITH,12/1984,81,RADIOLARIA,,,,MODERATE,NO AGE GIVEN,486,RSIPA0005,Siphocampe sp.,2%,  ,4,978ca160b9ba745eaadab1e588c74516,81-555-22-1
81,555,,22,1,37.0,39.0,233.50,233.88,42,WESTBERG-SMITH,12/1984,81,RADIOLARIA,,,,MODERATE,NO AGE GIVEN,486,RSPHA0020,Sphaeropyle robusta,TRACE,  ,4,2ec5b88593fe3420328b82d56e55b5ac,81-555-22-1
81,555,,22,1,37.0,39.0,233.50,233.88,42,WESTBERG-SMITH,12/1984,81,RADIOLARIA,,,,MODERATE,NO AGE GIVEN,486,RSPOD0010,Spongodiscus sp.,13%,  ,4,0892efbb88852fe27bf535f423e1e12f,81-555-22-1
81,555,,22,1,37.0,39.0,233.50,233.88,42,WESTBERG-SMITH,12/1984,81,RADIOLARIA,,,,MODERATE,NO AGE GIVEN,486,RSPOO0030,Spongocore sp.,1%,  ,4,82a486d8e5c1511050c6d76c36f8d93b,81-555-22-1
81,555,,22,1,37.0,39.0,233.50,233.88,42,WESTBERG-SMITH,12/1984,81,RADIOLARIA,,,,MODERATE,NO AGE GIVEN,486,RSTIO0050,Stichocorys delmontensis,TRACE,  ,4,8f42a9b795fd3e7c5547646f272421b5,81-555-22-1
81,555,,22,1,37.0,39.0,233.50,233.88,42,WESTBERG-SMITH,12/1984,81,RADIOLARIA,,,,MODERATE,NO AGE GIVEN,486,RSTYC0021,Stylucyclia sp. (q),3%,  ,4,d2f5330662b2fd403c5db9b4cfb18b5a,81-555-22-1
81,555,,22,1,37.0,39.0,233.50,233.88,42,WESTBERG-SMITH,12/1984,81,RADIOLARIA,,,,MODERATE,NO AGE GIVEN,486,RSTYD0065,Stylodictya sp.,4%,  ,4,4244d3d96da38aa881fe53c041f21354,81-555-22-1
81,555,,22,1,37.0,39.0,233.50,233.88,42,WESTBERG-SMITH,12/1984,81,RADIOLARIA,,,,MODERATE,NO AGE GIVEN,486,RSTYH0010,Stylosphaera sp.,1%,  ,4,b81689d1bf36d390359e6f4db3f5b0f8,81-555-22-1
81,555,,22,1,37.0,39.0,233.50,233.88,42,WESTBERG-SMITH,12/1984,81,RADIOLARIA,,,,MODERATE,NO AGE GIVEN,486,RTHEC0010,Thecosphaera sp.,1%,  ,5,6a043beb472263cd7edd827f3efd71f0,81-555-22-1
81,555,,22,1,37.0,39.0,233.50,233.88,42,WESTBERG-SMITH,12/1984,81,RADIOLARIA,,,,MODERATE,NO AGE GIVEN,486,RZYGO0010,Zygocircus sp.,TRACE,  ,5,8cc025486681e3855a204e7c7a541e2e,81-555-22-1
