leg,site,hole,core,section,top interval depth(cm),bottom interval depth (cm),coredepth(m),sample depth(m),total number of observed fossils,investigators name,publication date (month/year),dsdp initial report volume number,fossil group,group abundance,chemical overgrowth,chemical dissolution,mechanical preservations,age,page number reference,fossil code,fossil,fossil abundance,fossil preservation,record join code,eodp_id,sample
74,525,A,29,2,60.0,60.0,355.10,357.20,12,BOERSMA,03/1984,74,PLANKTONIC FORAMINIFERA,,,,GOOD,NO AGE GIVEN,513,FACAR0090,Acarinina coalingensis,ABUNDANT,  ,1,f1febc152c7a8fc5cb7a2b06b66cc49b,74-525A-29-2
74,525,A,29,2,60.0,60.0,355.10,357.20,12,BOERSMA,03/1984,74,PLANKTONIC FORAMINIFERA,,,,GOOD,NO AGE GIVEN,513,FACAR0195,Acarinina nitida (q),COMMON,  ,1,e589dce0bd4a7436dc705cf97c2817bf,74-525A-29-2
74,525,A,29,2,60.0,60.0,355.10,357.20,12,BOERSMA,03/1984,74,PLANKTONIC FORAMINIFERA,,,,GOOD,NO AGE GIVEN,513,FACAR0240,Acarinina pseudotopilensis,FEW,  ,1,402a8d03037693423f9d570958709078,74-525A-29-2
74,525,A,29,2,60.0,60.0,355.10,357.20,12,BOERSMA,03/1984,74,PLANKTONIC FORAMINIFERA,,,,GOOD,NO AGE GIVEN,513,FACAR0290,Acarinina soldadoensis,TRACE,  ,1,51968b3823f25e57e4c78f69e77cac65,74-525A-29-2
74,525,A,29,2,60.0,60.0,355.10,357.20,12,BOERSMA,03/1984,74,PLANKTONIC FORAMINIFERA,,,,GOOD,NO AGE GIVEN,513,FCHIL0120,Chiloguembelina wilcoxensis,COMMON,  ,1,a3a7a4be4a6e8c9e8ccc1f71ad485f44,74-525A-29-2
74,525,A,29,2,60.0,60.0,355.10,357.20,12,BOERSMA,03/1984,74,PLANKTONIC FORAMINIFERA,,,,GOOD,NO AGE GIVEN,513,FMORO0020,Morozovella acuta,FEW,  ,1,dd572cdde15cb6fb4132b38c7627e05a,74-525A-29-2
74,525,A,29,2,60.0,60.0,355.10,357.20,12,BOERSMA,03/1984,74,PLANKTONIC FORAMINIFERA,,,,GOOD,NO AGE GIVEN,513,FMORO0260,Morozovella marginodentata,TRACE,  ,1,2fa196d4f7e052d0fc6d176accca4abd,74-525A-29-2
74,525,A,29,2,60.0,60.0,355.10,357.20,12,BOERSMA,03/1984,74,PLANKTONIC FORAMINIFERA,,,,GOOD,NO AGE GIVEN,513,FMORO0360,Morozovella subbotinae,TRACE,  ,1,96c4ba02518f3f078e8ea47a3f996134,74-525A-29-2
74,525,A,29,2,60.0,60.0,355.10,357.20,12,BOERSMA,03/1984,74,PLANKTONIC FORAMINIFERA,,,,GOOD,NO AGE GIVEN,513,FPLAR0020,Planorotalites chapmani,RARE,  ,1,9756a187ac523f772158889dddb4a389,74-525A-29-2
74,525,A,29,2,60.0,60.0,355.10,357.20,12,BOERSMA,03/1984,74,PLANKTONIC FORAMINIFERA,,,,GOOD,NO AGE GIVEN,513,FPLAR0117,Planorotalites reissi,RARE,  ,1,e8e1d6fcd278db460fc5f254190394f7,74-525A-29-2
74,525,A,29,2,60.0,60.0,355.10,357.20,12,BOERSMA,03/1984,74,PLANKTONIC FORAMINIFERA,,,,GOOD,NO AGE GIVEN,513,FPSEO0060,Pseudohastigerina wilcoxensis,RARE,  ,2,97af9e88c536c46f0f3d5af5ce7e2442,74-525A-29-2
74,525,A,29,2,60.0,60.0,355.10,357.20,12,BOERSMA,03/1984,74,PLANKTONIC FORAMINIFERA,,,,GOOD,NO AGE GIVEN,513,FSUBB0160,Subbotina patagonica,FEW,  ,2,fe0869b14baf640ed0c68b7280633ceb,74-525A-29-2
74,525,A,30,4,30.0,30.0,364.60,369.40,13,BOERSMA,03/1984,74,PLANKTONIC FORAMINIFERA,,,,MODERATE,NO AGE GIVEN,513,FACAR0090,Acarinina coalingensis,COMMON,  ,1,119b5f1eab05858a49f24cc83e2c2743,74-525A-30-4
74,525,A,30,4,30.0,30.0,364.60,369.40,13,BOERSMA,03/1984,74,PLANKTONIC FORAMINIFERA,,,,MODERATE,NO AGE GIVEN,513,FACAR0195,Acarinina nitida (q),COMMON,  ,1,c84f0152309ebfc448f6525a2711f20b,74-525A-30-4
74,525,A,30,4,30.0,30.0,364.60,369.40,13,BOERSMA,03/1984,74,PLANKTONIC FORAMINIFERA,,,,MODERATE,NO AGE GIVEN,513,FACAR0290,Acarinina soldadoensis,TRACE,  ,1,21b9e6ce269235bb6b699b8fb73fc985,74-525A-30-4
74,525,A,30,4,30.0,30.0,364.60,369.40,13,BOERSMA,03/1984,74,PLANKTONIC FORAMINIFERA,,,,MODERATE,NO AGE GIVEN,513,FACAR0325,Acarinina spiralis,COMMON,  ,1,d07a65a6ba70211bb70d1ee15d565d7f,74-525A-30-4
74,525,A,30,4,30.0,30.0,364.60,369.40,13,BOERSMA,03/1984,74,PLANKTONIC FORAMINIFERA,,,,MODERATE,NO AGE GIVEN,513,FCHIL0050,Chiloguembelina midwayensis,FEW,  ,1,820eab389ba2770f2d8ccd7504aa76e0,74-525A-30-4
74,525,A,30,4,30.0,30.0,364.60,369.40,13,BOERSMA,03/1984,74,PLANKTONIC FORAMINIFERA,,,,MODERATE,NO AGE GIVEN,513,FCHIL0120,Chiloguembelina wilcoxensis,COMMON,  ,1,508ac9a8a0cfea70e35d73d71a4d23e3,74-525A-30-4
74,525,A,30,4,30.0,30.0,364.60,369.40,13,BOERSMA,03/1984,74,PLANKTONIC FORAMINIFERA,,,,MODERATE,NO AGE GIVEN,513,FMORO0020,Morozovella acuta,FEW,  ,1,9e979de87564ea8abc4a4fb65a5db4f9,74-525A-30-4
74,525,A,30,4,30.0,30.0,364.60,369.40,13,BOERSMA,03/1984,74,PLANKTONIC FORAMINIFERA,,,,MODERATE,NO AGE GIVEN,513,FMORO0260,Morozovella marginodentata,TRACE,  ,1,fac4f8f6310d586262a0c9ef9eed850a,74-525A-30-4
74,525,A,30,4,30.0,30.0,364.60,369.40,13,BOERSMA,03/1984,74,PLANKTONIC FORAMINIFERA,,,,MODERATE,NO AGE GIVEN,513,FMORO0360,Morozovella subbotinae,TRACE,  ,1,d11646ef3091f4fa55d23fcb552a569c,74-525A-30-4
74,525,A,30,4,30.0,30.0,364.60,369.40,13,BOERSMA,03/1984,74,PLANKTONIC FORAMINIFERA,,,,MODERATE,NO AGE GIVEN,513,FPLAR0117,Planorotalites reissi,RARE,  ,1,3239cdde59792f39df54f8766bca0792,74-525A-30-4
74,525,A,30,4,30.0,30.0,364.60,369.40,13,BOERSMA,03/1984,74,PLANKTONIC FORAMINIFERA,,,,MODERATE,NO AGE GIVEN,513,FSUBB0043,Subbotina eocaena (q),COMMON,  ,2,f756cc3b90dad8e020ae04a1d63b2daa,74-525A-30-4
74,525,A,30,4,30.0,30.0,364.60,369.40,13,BOERSMA,03/1984,74,PLANKTONIC FORAMINIFERA,,,,MODERATE,NO AGE GIVEN,513,FSUBB0160,Subbotina patagonica,ABUNDANT,  ,2,e75b675fc3ca879edf714983cd22f3b0,74-525A-30-4
74,525,A,30,4,30.0,30.0,364.60,369.40,13,BOERSMA,03/1984,74,PLANKTONIC FORAMINIFERA,,,,MODERATE,NO AGE GIVEN,513,FSUBB0247,Subbotina varianta,TRACE,  ,2,1850d7e604e71407d58c56aa9ce4c158,74-525A-30-4
74,525,A,30,6,30.0,30.0,364.60,372.40,14,BOERSMA,03/1984,74,PLANKTONIC FORAMINIFERA,,,,MODERATE,NO AGE GIVEN,513,FACAR0090,Acarinina coalingensis,COMMON,  ,1,2d803442a623949a4dfca74f3564e6c5,74-525A-30-6
74,525,A,30,6,30.0,30.0,364.60,372.40,14,BOERSMA,03/1984,74,PLANKTONIC FORAMINIFERA,,,,MODERATE,NO AGE GIVEN,513,FACAR0195,Acarinina nitida (q),COMMON,  ,1,9849111e3a7f2f98c12c506671679977,74-525A-30-6
74,525,A,30,6,30.0,30.0,364.60,372.40,14,BOERSMA,03/1984,74,PLANKTONIC FORAMINIFERA,,,,MODERATE,NO AGE GIVEN,513,FACAR0198,Acarinina nicoli (q),RARE,  ,1,7d723e1224be306def31901c09b97a3a,74-525A-30-6
74,525,A,30,6,30.0,30.0,364.60,372.40,14,BOERSMA,03/1984,74,PLANKTONIC FORAMINIFERA,,,,MODERATE,NO AGE GIVEN,513,FACAR0240,Acarinina pseudotopilensis,TRACE,  ,1,4c41ef321d696ae59dbc61480c416795,74-525A-30-6
74,525,A,30,6,30.0,30.0,364.60,372.40,14,BOERSMA,03/1984,74,PLANKTONIC FORAMINIFERA,,,,MODERATE,NO AGE GIVEN,513,FACAR0290,Acarinina soldadoensis,TRACE,  ,1,747d23e46f618b31423cbdc0ec59f26e,74-525A-30-6
74,525,A,30,6,30.0,30.0,364.60,372.40,14,BOERSMA,03/1984,74,PLANKTONIC FORAMINIFERA,,,,MODERATE,NO AGE GIVEN,513,FACAR0325,Acarinina spiralis,COMMON,  ,1,9151bbabca63d80b16ce1f92ead5f42f,74-525A-30-6
74,525,A,30,6,30.0,30.0,364.60,372.40,14,BOERSMA,03/1984,74,PLANKTONIC FORAMINIFERA,,,,MODERATE,NO AGE GIVEN,513,FCHIL0120,Chiloguembelina wilcoxensis,ABUNDANT,  ,1,f48a896b68d9aedfd925e7a94cbe5ac9,74-525A-30-6
74,525,A,30,6,30.0,30.0,364.60,372.40,14,BOERSMA,03/1984,74,PLANKTONIC FORAMINIFERA,,,,MODERATE,NO AGE GIVEN,513,FMORO0020,Morozovella acuta,TRACE,  ,1,08f79671d6b0b428daabcf201b8dbd5f,74-525A-30-6
74,525,A,30,6,30.0,30.0,364.60,372.40,14,BOERSMA,03/1984,74,PLANKTONIC FORAMINIFERA,,,,MODERATE,NO AGE GIVEN,513,FMORO0260,Morozovella marginodentata,TRACE,  ,1,086ad24bcb69bb7d5e96dc012d930355,74-525A-30-6
74,525,A,30,6,30.0,30.0,364.60,372.40,14,BOERSMA,03/1984,74,PLANKTONIC FORAMINIFERA,,,,MODERATE,NO AGE GIVEN,513,FMORO0360,Morozovella subbotinae,TRACE,  ,1,52d3a92136f5c4035596699aa8364904,74-525A-30-6
74,525,A,30,6,30.0,30.0,364.60,372.40,14,BOERSMA,03/1984,74,PLANKTONIC FORAMINIFERA,,,,MODERATE,NO AGE GIVEN,513,FPLAR0020,Planorotalites chapmani,TRACE,  ,2,ae0e7377afdb08447cc18f73ef47071a,74-525A-30-6
74,525,A,30,6,30.0,30.0,364.60,372.40,14,BOERSMA,03/1984,74,PLANKTONIC FORAMINIFERA,,,,MODERATE,NO AGE GIVEN,513,FPLAR0117,Planorotalites reissi,TRACE,  ,2,d119d5297d4cc084910c4a266da3b0c1,74-525A-30-6
74,525,A,30,6,30.0,30.0,364.60,372.40,14,BOERSMA,03/1984,74,PLANKTONIC FORAMINIFERA,,,,MODERATE,NO AGE GIVEN,513,FSUBB0160,Subbotina patagonica,PRESENT,  ,2,498566910156931ed4f1147464f82778,74-525A-30-6
74,525,A,30,6,30.0,30.0,364.60,372.40,14,BOERSMA,03/1984,74,PLANKTONIC FORAMINIFERA,,,,MODERATE,NO AGE GIVEN,513,FSUBB0247,Subbotina varianta,TRACE,  ,2,3ae341910e81c857fdd8a2c045b8a9e2,74-525A-30-6
74,525,A,31,2,60.0,60.0,374.10,376.20,12,BOERSMA,03/1984,74,PLANKTONIC FORAMINIFERA,,,,MODERATE,NO AGE GIVEN,513,FACAR0090,Acarinina coalingensis,ABUNDANT,  ,1,d05666bf8dee84dacdc9512148b285fa,74-525A-31-2
74,525,A,31,2,60.0,60.0,374.10,376.20,12,BOERSMA,03/1984,74,PLANKTONIC FORAMINIFERA,,,,MODERATE,NO AGE GIVEN,513,FACAR0195,Acarinina nitida (q),TRACE,  ,1,37d239535d9b9a30169ff08e463241a8,74-525A-31-2
74,525,A,31,2,60.0,60.0,374.10,376.20,12,BOERSMA,03/1984,74,PLANKTONIC FORAMINIFERA,,,,MODERATE,NO AGE GIVEN,513,FACAR0290,Acarinina soldadoensis,TRACE,  ,1,5e555216b5eca85539eb5ab9d2167799,74-525A-31-2
74,525,A,31,2,60.0,60.0,374.10,376.20,12,BOERSMA,03/1984,74,PLANKTONIC FORAMINIFERA,,,,MODERATE,NO AGE GIVEN,513,FACAR0325,Acarinina spiralis,TRACE,  ,1,b9a8d6f5b0ef5ded263f0a1d97a6c01a,74-525A-31-2
74,525,A,31,2,60.0,60.0,374.10,376.20,12,BOERSMA,03/1984,74,PLANKTONIC FORAMINIFERA,,,,MODERATE,NO AGE GIVEN,513,FCHIL0120,Chiloguembelina wilcoxensis,COMMON,  ,1,4e0ccd227ccc88fae3ec4a07ee46136a,74-525A-31-2
74,525,A,31,2,60.0,60.0,374.10,376.20,12,BOERSMA,03/1984,74,PLANKTONIC FORAMINIFERA,,,,MODERATE,NO AGE GIVEN,513,FMORO0020,Morozovella acuta,TRACE,  ,1,0f52616603ddad2ce4fa8c0e122a89f5,74-525A-31-2
74,525,A,31,2,60.0,60.0,374.10,376.20,12,BOERSMA,03/1984,74,PLANKTONIC FORAMINIFERA,,,,MODERATE,NO AGE GIVEN,513,FMORO0360,Morozovella subbotinae,TRACE,  ,1,78de7f1a6953825030a4c98af2ae6ea0,74-525A-31-2
74,525,A,31,2,60.0,60.0,374.10,376.20,12,BOERSMA,03/1984,74,PLANKTONIC FORAMINIFERA,,,,MODERATE,NO AGE GIVEN,513,FMORO0380,Morozovella velascoensis,TRACE,  ,1,dfdd09af62c7963c4376bfeaba9e1e52,74-525A-31-2
74,525,A,31,2,60.0,60.0,374.10,376.20,12,BOERSMA,03/1984,74,PLANKTONIC FORAMINIFERA,,,,MODERATE,NO AGE GIVEN,513,FPLAR0020,Planorotalites chapmani,FEW,  ,1,238a070cc94c8c5891efb6e18377d29d,74-525A-31-2
74,525,A,31,2,60.0,60.0,374.10,376.20,12,BOERSMA,03/1984,74,PLANKTONIC FORAMINIFERA,,,,MODERATE,NO AGE GIVEN,513,FPLAR0117,Planorotalites reissi,TRACE,  ,1,20b9ac29841c2527f2441920a873070d,74-525A-31-2
74,525,A,31,2,60.0,60.0,374.10,376.20,12,BOERSMA,03/1984,74,PLANKTONIC FORAMINIFERA,,,,MODERATE,NO AGE GIVEN,513,FSUBB0160,Subbotina patagonica,ABUNDANT,  ,2,e3724a93d336599c630fd3dc9faf01f8,74-525A-31-2
74,525,A,31,2,60.0,60.0,374.10,376.20,12,BOERSMA,03/1984,74,PLANKTONIC FORAMINIFERA,,,,MODERATE,NO AGE GIVEN,513,FSUBB0247,Subbotina varianta,TRACE,  ,2,daa91f822af7338aa65c76b310db92ed,74-525A-31-2
74,525,A,31,4,60.0,60.0,374.10,379.20,13,BOERSMA,03/1984,74,PLANKTONIC FORAMINIFERA,,,,GOOD,NO AGE GIVEN,513,FACAR0090,Acarinina coalingensis,COMMON,  ,1,ca00fff4a2515ebcdcac0af1944b1d45,74-525A-31-4
74,525,A,31,4,60.0,60.0,374.10,379.20,13,BOERSMA,03/1984,74,PLANKTONIC FORAMINIFERA,,,,GOOD,NO AGE GIVEN,513,FACAR0195,Acarinina nitida (q),TRACE,  ,1,8c386ce3be2387cbfe47ab842e8d575d,74-525A-31-4
74,525,A,31,4,60.0,60.0,374.10,379.20,13,BOERSMA,03/1984,74,PLANKTONIC FORAMINIFERA,,,,GOOD,NO AGE GIVEN,513,FACAR0290,Acarinina soldadoensis,TRACE,  ,1,1c6fe18448fe7d06d4b75f030e8f9817,74-525A-31-4
74,525,A,31,4,60.0,60.0,374.10,379.20,13,BOERSMA,03/1984,74,PLANKTONIC FORAMINIFERA,,,,GOOD,NO AGE GIVEN,513,FACAR0325,Acarinina spiralis,FEW,  ,1,ff71dfbe8460a469ff64210d8508c427,74-525A-31-4
74,525,A,31,4,60.0,60.0,374.10,379.20,13,BOERSMA,03/1984,74,PLANKTONIC FORAMINIFERA,,,,GOOD,NO AGE GIVEN,513,FCHIL0120,Chiloguembelina wilcoxensis,COMMON,  ,1,c3ecc5181989032b1941a36c2fd89289,74-525A-31-4
74,525,A,31,4,60.0,60.0,374.10,379.20,13,BOERSMA,03/1984,74,PLANKTONIC FORAMINIFERA,,,,GOOD,NO AGE GIVEN,513,FMORO0020,Morozovella acuta,TRACE,  ,1,0abed36858a984d594a3ac69640f187b,74-525A-31-4
74,525,A,31,4,60.0,60.0,374.10,379.20,13,BOERSMA,03/1984,74,PLANKTONIC FORAMINIFERA,,,,GOOD,NO AGE GIVEN,513,FMORO0079,Morozovella apenthesma,TRACE,  ,1,144328a0fbc2c49a55f22aab14e01215,74-525A-31-4
74,525,A,31,4,60.0,60.0,374.10,379.20,13,BOERSMA,03/1984,74,PLANKTONIC FORAMINIFERA,,,,GOOD,NO AGE GIVEN,513,FMORO0260,Morozovella marginodentata,TRACE,  ,1,44c0e0b0bfb673f167b941cde9943722,74-525A-31-4
74,525,A,31,4,60.0,60.0,374.10,379.20,13,BOERSMA,03/1984,74,PLANKTONIC FORAMINIFERA,,,,GOOD,NO AGE GIVEN,513,FMORO0360,Morozovella subbotinae,TRACE,  ,1,0dbeb0c8d0bc2c2fcf0f0dfa0b05c324,74-525A-31-4
74,525,A,31,4,60.0,60.0,374.10,379.20,13,BOERSMA,03/1984,74,PLANKTONIC FORAMINIFERA,,,,GOOD,NO AGE GIVEN,513,FMORO0380,Morozovella velascoensis,TRACE,  ,1,a4a500456fe5432c14828fffb6e91269,74-525A-31-4
74,525,A,31,4,60.0,60.0,374.10,379.20,13,BOERSMA,03/1984,74,PLANKTONIC FORAMINIFERA,,,,GOOD,NO AGE GIVEN,513,FPLAR0020,Planorotalites chapmani,RARE,  ,2,3a95cd312c132010cfaacca3714e52fe,74-525A-31-4
74,525,A,31,4,60.0,60.0,374.10,379.20,13,BOERSMA,03/1984,74,PLANKTONIC FORAMINIFERA,,,,GOOD,NO AGE GIVEN,513,FPLAR0117,Planorotalites reissi,TRACE,  ,2,6025cba68a9597cbd141a55dc3f90c54,74-525A-31-4
74,525,A,31,4,60.0,60.0,374.10,379.20,13,BOERSMA,03/1984,74,PLANKTONIC FORAMINIFERA,,,,GOOD,NO AGE GIVEN,513,FSUBB0160,Subbotina patagonica,ABUNDANT,  ,2,d7bd3a1a5450178dd7fc5b7c4a91e4ee,74-525A-31-4
74,525,A,31,7,20.0,20.0,374.10,383.30,13,BOERSMA,03/1984,74,PLANKTONIC FORAMINIFERA,,,,GOOD,NO AGE GIVEN,513,FACAR0090,Acarinina coalingensis,COMMON,  ,1,355253475f54ad38609a873ab8fe9788,74-525A-31-7
74,525,A,31,7,20.0,20.0,374.10,383.30,13,BOERSMA,03/1984,74,PLANKTONIC FORAMINIFERA,,,,GOOD,NO AGE GIVEN,513,FACAR0195,Acarinina nitida (q),FEW,  ,1,a0d562044e93decf4d9e2ebc572d2801,74-525A-31-7
74,525,A,31,7,20.0,20.0,374.10,383.30,13,BOERSMA,03/1984,74,PLANKTONIC FORAMINIFERA,,,,GOOD,NO AGE GIVEN,513,FACAR0240,Acarinina pseudotopilensis,TRACE,  ,1,bda3b166cf16a133ca1685167261e259,74-525A-31-7
74,525,A,31,7,20.0,20.0,374.10,383.30,13,BOERSMA,03/1984,74,PLANKTONIC FORAMINIFERA,,,,GOOD,NO AGE GIVEN,513,FACAR0290,Acarinina soldadoensis,FEW,  ,1,368083642f0d644fadc07f9033c1850b,74-525A-31-7
74,525,A,31,7,20.0,20.0,374.10,383.30,13,BOERSMA,03/1984,74,PLANKTONIC FORAMINIFERA,,,,GOOD,NO AGE GIVEN,513,FACAR0325,Acarinina spiralis,FEW,  ,1,bfde27654d50dc5d85166bea5a081ced,74-525A-31-7
74,525,A,31,7,20.0,20.0,374.10,383.30,13,BOERSMA,03/1984,74,PLANKTONIC FORAMINIFERA,,,,GOOD,NO AGE GIVEN,513,FCHIL0050,Chiloguembelina midwayensis,COMMON,  ,1,ee37d900dd089c57a6a1f972184fe5bc,74-525A-31-7
74,525,A,31,7,20.0,20.0,374.10,383.30,13,BOERSMA,03/1984,74,PLANKTONIC FORAMINIFERA,,,,GOOD,NO AGE GIVEN,513,FCHIL0120,Chiloguembelina wilcoxensis,ABUNDANT,  ,1,afc2cf3e83764081b6dc2ba10fb71037,74-525A-31-7
74,525,A,31,7,20.0,20.0,374.10,383.30,13,BOERSMA,03/1984,74,PLANKTONIC FORAMINIFERA,,,,GOOD,NO AGE GIVEN,513,FMORO0020,Morozovella acuta,TRACE,  ,1,b8e613a672fc77018d72629d431e2293,74-525A-31-7
74,525,A,31,7,20.0,20.0,374.10,383.30,13,BOERSMA,03/1984,74,PLANKTONIC FORAMINIFERA,,,,GOOD,NO AGE GIVEN,513,FMORO0360,Morozovella subbotinae,TRACE,  ,1,e7841c97d10cf0f3a5f697ec5ec58dbd,74-525A-31-7
74,525,A,31,7,20.0,20.0,374.10,383.30,13,BOERSMA,03/1984,74,PLANKTONIC FORAMINIFERA,,,,GOOD,NO AGE GIVEN,513,FMORO0380,Morozovella velascoensis,TRACE,  ,1,2ce82543413848e30a88f8421992b629,74-525A-31-7
74,525,A,31,7,20.0,20.0,374.10,383.30,13,BOERSMA,03/1984,74,PLANKTONIC FORAMINIFERA,,,,GOOD,NO AGE GIVEN,513,FPLAR0020,Planorotalites chapmani,FEW,  ,2,eb1d9f0f808b8c667186ee30810a4d6a,74-525A-31-7
74,525,A,31,7,20.0,20.0,374.10,383.30,13,BOERSMA,03/1984,74,PLANKTONIC FORAMINIFERA,,,,GOOD,NO AGE GIVEN,513,FSUBB0160,Subbotina patagonica,ABUNDANT,  ,2,248491c45be99a1c503045f003e0c935,74-525A-31-7
74,525,A,31,7,20.0,20.0,374.10,383.30,13,BOERSMA,03/1984,74,PLANKTONIC FORAMINIFERA,,,,GOOD,NO AGE GIVEN,513,FSUBB0210,Subbotina triangularis,FEW,  ,2,69cb765a9e717d4a467a3233b97362bb,74-525A-31-7
74,525,A,32,1,70.0,70.0,383.60,384.30,12,BOERSMA,03/1984,74,PLANKTONIC FORAMINIFERA,,,,MODERATE,NO AGE GIVEN,513,FACAR0090,Acarinina coalingensis,COMMON,  ,1,6af22cbcbad50fa47d572fd1b7302901,74-525A-32-1
74,525,A,32,1,70.0,70.0,383.60,384.30,12,BOERSMA,03/1984,74,PLANKTONIC FORAMINIFERA,,,,MODERATE,NO AGE GIVEN,513,FACAR0195,Acarinina nitida (q),TRACE,  ,1,6ad2c89d46c740d98e3fa1debe7b24eb,74-525A-32-1
74,525,A,32,1,70.0,70.0,383.60,384.30,12,BOERSMA,03/1984,74,PLANKTONIC FORAMINIFERA,,,,MODERATE,NO AGE GIVEN,513,FACAR0325,Acarinina spiralis,TRACE,  ,1,9126d7476af6809566f4e3faec4d8503,74-525A-32-1
74,525,A,32,1,70.0,70.0,383.60,384.30,12,BOERSMA,03/1984,74,PLANKTONIC FORAMINIFERA,,,,MODERATE,NO AGE GIVEN,513,FCHIL0120,Chiloguembelina wilcoxensis,COMMON,  ,1,b01de21a6763ab741a40f6496b2989fd,74-525A-32-1
74,525,A,32,1,70.0,70.0,383.60,384.30,12,BOERSMA,03/1984,74,PLANKTONIC FORAMINIFERA,,,,MODERATE,NO AGE GIVEN,513,FMORO0020,Morozovella acuta,FEW,  ,1,7cb480724509d31086ec4506a67bc4bc,74-525A-32-1
74,525,A,32,1,70.0,70.0,383.60,384.30,12,BOERSMA,03/1984,74,PLANKTONIC FORAMINIFERA,,,,MODERATE,NO AGE GIVEN,513,FMORO0260,Morozovella marginodentata,FEW,  ,1,5412255a9c3117457d326ce7ddf09f2a,74-525A-32-1
74,525,A,32,1,70.0,70.0,383.60,384.30,12,BOERSMA,03/1984,74,PLANKTONIC FORAMINIFERA,,,,MODERATE,NO AGE GIVEN,513,FMORO0360,Morozovella subbotinae,FEW,  ,1,e5371050183a4b2cf8a843ccdc68e045,74-525A-32-1
74,525,A,32,1,70.0,70.0,383.60,384.30,12,BOERSMA,03/1984,74,PLANKTONIC FORAMINIFERA,,,,MODERATE,NO AGE GIVEN,513,FMORO0380,Morozovella velascoensis,TRACE,  ,1,f58df96578e49200773b1ed275d0ff69,74-525A-32-1
74,525,A,32,1,70.0,70.0,383.60,384.30,12,BOERSMA,03/1984,74,PLANKTONIC FORAMINIFERA,,,,MODERATE,NO AGE GIVEN,513,FPLAR0117,Planorotalites reissi,TRACE,  ,1,b4aa38aefe6a68a906dcf5e78a77b8e8,74-525A-32-1
74,525,A,32,1,70.0,70.0,383.60,384.30,12,BOERSMA,03/1984,74,PLANKTONIC FORAMINIFERA,,,,MODERATE,NO AGE GIVEN,513,FSUBB0160,Subbotina patagonica,ABUNDANT,  ,1,6d341199fbfa85f44460d6bff0ccde93,74-525A-32-1
74,525,A,32,1,70.0,70.0,383.60,384.30,12,BOERSMA,03/1984,74,PLANKTONIC FORAMINIFERA,,,,MODERATE,NO AGE GIVEN,513,FSUBB0210,Subbotina triangularis,TRACE,  ,2,44f30f0d367509a9ba4fbfd30f980487,74-525A-32-1
74,525,A,32,1,70.0,70.0,383.60,384.30,12,BOERSMA,03/1984,74,PLANKTONIC FORAMINIFERA,,,,MODERATE,NO AGE GIVEN,513,FSUBB0247,Subbotina varianta,TRACE,  ,2,0528a0f8e2b15db5cf3bc5e9ffb145e1,74-525A-32-1
74,525,A,32,4,70.0,70.0,383.60,388.80,14,BOERSMA,03/1984,74,PLANKTONIC FORAMINIFERA,,,,GOOD,NO AGE GIVEN,513,FACAR0090,Acarinina coalingensis,COMMON,  ,1,3daea1d103c61fa0f05795a42e0faae8,74-525A-32-4
74,525,A,32,4,70.0,70.0,383.60,388.80,14,BOERSMA,03/1984,74,PLANKTONIC FORAMINIFERA,,,,GOOD,NO AGE GIVEN,513,FACAR0195,Acarinina nitida (q),TRACE,  ,1,31f7ae7216aa95921cf062c5d6ebbc49,74-525A-32-4
74,525,A,32,4,70.0,70.0,383.60,388.80,14,BOERSMA,03/1984,74,PLANKTONIC FORAMINIFERA,,,,GOOD,NO AGE GIVEN,513,FACAR0198,Acarinina nicoli (q),RARE,  ,1,8e6264c79187a51fa06a749d33c8cb82,74-525A-32-4
74,525,A,32,4,70.0,70.0,383.60,388.80,14,BOERSMA,03/1984,74,PLANKTONIC FORAMINIFERA,,,,GOOD,NO AGE GIVEN,513,FACAR0240,Acarinina pseudotopilensis,FEW,  ,1,2c267bd33ff6fc98e983eb6eba140eee,74-525A-32-4
74,525,A,32,4,70.0,70.0,383.60,388.80,14,BOERSMA,03/1984,74,PLANKTONIC FORAMINIFERA,,,,GOOD,NO AGE GIVEN,513,FACAR0325,Acarinina spiralis,TRACE,  ,1,1cb937574ac90a45b2988bfbe2bd0332,74-525A-32-4
74,525,A,32,4,70.0,70.0,383.60,388.80,14,BOERSMA,03/1984,74,PLANKTONIC FORAMINIFERA,,,,GOOD,NO AGE GIVEN,513,FCHIL0120,Chiloguembelina wilcoxensis,FEW,  ,1,893b53d966a20363186070890cbb69f6,74-525A-32-4
74,525,A,32,4,70.0,70.0,383.60,388.80,14,BOERSMA,03/1984,74,PLANKTONIC FORAMINIFERA,,,,GOOD,NO AGE GIVEN,513,FMORO0020,Morozovella acuta,TRACE,  ,1,0d3cabdc2592a3568aca6574491926f5,74-525A-32-4
74,525,A,32,4,70.0,70.0,383.60,388.80,14,BOERSMA,03/1984,74,PLANKTONIC FORAMINIFERA,,,,GOOD,NO AGE GIVEN,513,FMORO0079,Morozovella apenthesma,RARE,  ,1,71a4e6e82fc6b628572d59947af19134,74-525A-32-4
74,525,A,32,4,70.0,70.0,383.60,388.80,14,BOERSMA,03/1984,74,PLANKTONIC FORAMINIFERA,,,,GOOD,NO AGE GIVEN,513,FMORO0360,Morozovella subbotinae,FEW,  ,1,423effe95a7bcf88fd458d122b700f02,74-525A-32-4
74,525,A,32,4,70.0,70.0,383.60,388.80,14,BOERSMA,03/1984,74,PLANKTONIC FORAMINIFERA,,,,GOOD,NO AGE GIVEN,513,FMORO0380,Morozovella velascoensis,TRACE,  ,1,772de6a8a7787ca25329df8914a21f17,74-525A-32-4
74,525,A,32,4,70.0,70.0,383.60,388.80,14,BOERSMA,03/1984,74,PLANKTONIC FORAMINIFERA,,,,GOOD,NO AGE GIVEN,513,FPLAR0020,Planorotalites chapmani,RARE,  ,2,93115ef84a91f72b495ffbca96d33417,74-525A-32-4
74,525,A,32,4,70.0,70.0,383.60,388.80,14,BOERSMA,03/1984,74,PLANKTONIC FORAMINIFERA,,,,GOOD,NO AGE GIVEN,513,FSUBB0160,Subbotina patagonica,ABUNDANT,  ,2,04562dcd4102378accdd0f456d927406,74-525A-32-4
74,525,A,32,4,70.0,70.0,383.60,388.80,14,BOERSMA,03/1984,74,PLANKTONIC FORAMINIFERA,,,,GOOD,NO AGE GIVEN,513,FSUBB0210,Subbotina triangularis,TRACE,  ,2,88cdf63838c775962f0c35f18f955840,74-525A-32-4
74,525,A,32,4,70.0,70.0,383.60,388.80,14,BOERSMA,03/1984,74,PLANKTONIC FORAMINIFERA,,,,GOOD,NO AGE GIVEN,513,FSUBB0247,Subbotina varianta,TRACE,  ,2,7a6bd79291c9e23d5822b2dd6474cc07,74-525A-32-4
74,525,A,32,5,70.0,70.0,383.60,390.30,11,BOERSMA,03/1984,74,PLANKTONIC FORAMINIFERA,,,,POOL,NO AGE GIVEN,513,FACAR0195,Acarinina nitida (q),TRACE,  ,1,a29f9707e11070088f7dcc55823eda56,74-525A-32-5
74,525,A,32,5,70.0,70.0,383.60,390.30,11,BOERSMA,03/1984,74,PLANKTONIC FORAMINIFERA,,,,POOL,NO AGE GIVEN,513,FACAR0198,Acarinina nicoli (q),TRACE,  ,1,b054ebb5187b57e103685a6789f061ce,74-525A-32-5
74,525,A,32,5,70.0,70.0,383.60,390.30,11,BOERSMA,03/1984,74,PLANKTONIC FORAMINIFERA,,,,POOL,NO AGE GIVEN,513,FACAR0290,Acarinina soldadoensis,TRACE,  ,1,ba5fa86c9ac6023ef22cafdb923b2f06,74-525A-32-5
74,525,A,32,5,70.0,70.0,383.60,390.30,11,BOERSMA,03/1984,74,PLANKTONIC FORAMINIFERA,,,,POOL,NO AGE GIVEN,513,FCHIL0120,Chiloguembelina wilcoxensis,FEW,  ,1,0a3ff67b409878a14d20aa0778cd9076,74-525A-32-5
74,525,A,32,5,70.0,70.0,383.60,390.30,11,BOERSMA,03/1984,74,PLANKTONIC FORAMINIFERA,,,,POOL,NO AGE GIVEN,513,FMORO0020,Morozovella acuta,TRACE,  ,1,39fc40254ddba8c0f4dde2136e76ec83,74-525A-32-5
74,525,A,32,5,70.0,70.0,383.60,390.30,11,BOERSMA,03/1984,74,PLANKTONIC FORAMINIFERA,,,,POOL,NO AGE GIVEN,513,FMORO0380,Morozovella velascoensis,FEW,  ,1,d0642cbc97e3fc151f1333d46aafa88e,74-525A-32-5
74,525,A,32,5,70.0,70.0,383.60,390.30,11,BOERSMA,03/1984,74,PLANKTONIC FORAMINIFERA,,,,POOL,NO AGE GIVEN,513,FPLAR0020,Planorotalites chapmani,RARE,  ,1,a058f7e9577128ef44865eae6d38b5d6,74-525A-32-5
74,525,A,32,5,70.0,70.0,383.60,390.30,11,BOERSMA,03/1984,74,PLANKTONIC FORAMINIFERA,,,,POOL,NO AGE GIVEN,513,FPLAR0080,Planorotalites pseudomenardii,RARE,  ,1,9d27a6ac14b98660d253be3c58ad275e,74-525A-32-5
74,525,A,32,5,70.0,70.0,383.60,390.30,11,BOERSMA,03/1984,74,PLANKTONIC FORAMINIFERA,,,,POOL,NO AGE GIVEN,513,FSUBB0043,Subbotina eocaena (q),TRACE,  ,1,c19596e69a4faf19ebb4e8de550049e1,74-525A-32-5
74,525,A,32,5,70.0,70.0,383.60,390.30,11,BOERSMA,03/1984,74,PLANKTONIC FORAMINIFERA,,,,POOL,NO AGE GIVEN,513,FSUBB0160,Subbotina patagonica,ABUNDANT,  ,1,c26fa7899cd9c6f9720fd022c958e42d,74-525A-32-5
74,525,A,32,5,70.0,70.0,383.60,390.30,11,BOERSMA,03/1984,74,PLANKTONIC FORAMINIFERA,,,,POOL,NO AGE GIVEN,513,FSUBB0247,Subbotina varianta,TRACE,  ,2,8c9b705cbad6516a921224c55cdb7f52,74-525A-32-5
74,525,A,35,1,74.0,74.0,402.60,403.34,13,BOERSMA,03/1984,74,PLANKTONIC FORAMINIFERA,,,,POOL,NO AGE GIVEN,513,FACAR0195,Acarinina nitida (q),FEW,  ,1,1dab4dc16beac686087dc423c6dad907,74-525A-35-1
74,525,A,35,1,74.0,74.0,402.60,403.34,13,BOERSMA,03/1984,74,PLANKTONIC FORAMINIFERA,,,,POOL,NO AGE GIVEN,513,FACAR0198,Acarinina nicoli (q),TRACE,  ,1,50efcf64eb891c11f2bb992e8ca06008,74-525A-35-1
74,525,A,35,1,74.0,74.0,402.60,403.34,13,BOERSMA,03/1984,74,PLANKTONIC FORAMINIFERA,,,,POOL,NO AGE GIVEN,513,FACAR0240,Acarinina pseudotopilensis,TRACE,  ,1,6f6e18d7622642dddc5fbda850614c27,74-525A-35-1
74,525,A,35,1,74.0,74.0,402.60,403.34,13,BOERSMA,03/1984,74,PLANKTONIC FORAMINIFERA,,,,POOL,NO AGE GIVEN,513,FACAR0290,Acarinina soldadoensis,TRACE,  ,1,844f842edc83c31cb7a8fa80acc6c72f,74-525A-35-1
74,525,A,35,1,74.0,74.0,402.60,403.34,13,BOERSMA,03/1984,74,PLANKTONIC FORAMINIFERA,,,,POOL,NO AGE GIVEN,513,FACAR0325,Acarinina spiralis,TRACE,  ,1,2f0d36e927bd3338d4d345a8cabedb8f,74-525A-35-1
74,525,A,35,1,74.0,74.0,402.60,403.34,13,BOERSMA,03/1984,74,PLANKTONIC FORAMINIFERA,,,,POOL,NO AGE GIVEN,513,FCHIL0120,Chiloguembelina wilcoxensis,TRACE,  ,1,bc73f60edbb298d829c3e5265d258dfe,74-525A-35-1
74,525,A,35,1,74.0,74.0,402.60,403.34,13,BOERSMA,03/1984,74,PLANKTONIC FORAMINIFERA,,,,POOL,NO AGE GIVEN,513,FMORO0020,Morozovella acuta,TRACE,  ,1,16e22dd35e7f3a35f15cbd9ce2548810,74-525A-35-1
74,525,A,35,1,74.0,74.0,402.60,403.34,13,BOERSMA,03/1984,74,PLANKTONIC FORAMINIFERA,,,,POOL,NO AGE GIVEN,513,FMORO0079,Morozovella apenthesma,RARE,  ,1,8198214281d3d8153302e7067f0a756d,74-525A-35-1
74,525,A,35,1,74.0,74.0,402.60,403.34,13,BOERSMA,03/1984,74,PLANKTONIC FORAMINIFERA,,,,POOL,NO AGE GIVEN,513,FMORO0380,Morozovella velascoensis,FEW,  ,1,b05ef7a77b3e56215864a088f8c79099,74-525A-35-1
74,525,A,35,1,74.0,74.0,402.60,403.34,13,BOERSMA,03/1984,74,PLANKTONIC FORAMINIFERA,,,,POOL,NO AGE GIVEN,513,FPLAR0080,Planorotalites pseudomenardii,FEW,  ,1,6e9e4b366485484dd45f4c724dca8761,74-525A-35-1
74,525,A,35,1,74.0,74.0,402.60,403.34,13,BOERSMA,03/1984,74,PLANKTONIC FORAMINIFERA,,,,POOL,NO AGE GIVEN,513,FPLAR0117,Planorotalites reissi,TRACE,  ,2,74eefce39d48a55e4d5b58ab44e99b79,74-525A-35-1
74,525,A,35,1,74.0,74.0,402.60,403.34,13,BOERSMA,03/1984,74,PLANKTONIC FORAMINIFERA,,,,POOL,NO AGE GIVEN,513,FSUBB0160,Subbotina patagonica,ABUNDANT,  ,2,306b803cb09429aefc8807692db56002,74-525A-35-1
74,525,A,35,1,74.0,74.0,402.60,403.34,13,BOERSMA,03/1984,74,PLANKTONIC FORAMINIFERA,,,,POOL,NO AGE GIVEN,513,FSUBB0247,Subbotina varianta,TRACE,  ,2,f746fb27577f388a3e4bc58ebed9d3b0,74-525A-35-1
74,525,A,35,3,24.0,24.0,402.60,405.84, 8,BOERSMA,03/1984,74,PLANKTONIC FORAMINIFERA,,,,POOL,NO AGE GIVEN,513,FACAR0195,Acarinina nitida (q),TRACE,  ,1,a29375208ae5f22cfbc8a0b2db0bfbac,74-525A-35-3
74,525,A,35,3,24.0,24.0,402.60,405.84, 8,BOERSMA,03/1984,74,PLANKTONIC FORAMINIFERA,,,,POOL,NO AGE GIVEN,513,FACAR0240,Acarinina pseudotopilensis,RARE,  ,1,c62e3f5c04e9b4af8eb2f91363eeac97,74-525A-35-3
74,525,A,35,3,24.0,24.0,402.60,405.84, 8,BOERSMA,03/1984,74,PLANKTONIC FORAMINIFERA,,,,POOL,NO AGE GIVEN,513,FACAR0290,Acarinina soldadoensis,TRACE,  ,1,934d3c755d3681a86ccd5c9557daca8e,74-525A-35-3
74,525,A,35,3,24.0,24.0,402.60,405.84, 8,BOERSMA,03/1984,74,PLANKTONIC FORAMINIFERA,,,,POOL,NO AGE GIVEN,513,FACAR0325,Acarinina spiralis,COMMON,  ,1,c26847235ee86362da0d64289fe0f554,74-525A-35-3
74,525,A,35,3,24.0,24.0,402.60,405.84, 8,BOERSMA,03/1984,74,PLANKTONIC FORAMINIFERA,,,,POOL,NO AGE GIVEN,513,FCHIL0120,Chiloguembelina wilcoxensis,TRACE,  ,1,6b57b3006a7b5b630ab56d84b4536f42,74-525A-35-3
74,525,A,35,3,24.0,24.0,402.60,405.84, 8,BOERSMA,03/1984,74,PLANKTONIC FORAMINIFERA,,,,POOL,NO AGE GIVEN,513,FPLAR0080,Planorotalites pseudomenardii,TRACE,  ,1,795d6244581945f068708b27d091bbc8,74-525A-35-3
74,525,A,35,3,24.0,24.0,402.60,405.84, 8,BOERSMA,03/1984,74,PLANKTONIC FORAMINIFERA,,,,POOL,NO AGE GIVEN,513,FPLAR0117,Planorotalites reissi,TRACE,  ,1,5061548994bf547761ac7905f0ff9930,74-525A-35-3
74,525,A,35,3,24.0,24.0,402.60,405.84, 8,BOERSMA,03/1984,74,PLANKTONIC FORAMINIFERA,,,,POOL,NO AGE GIVEN,513,FSUBB0160,Subbotina patagonica,ABUNDANT,  ,1,38d6f68d80d2be792ea6e94adb5df1cc,74-525A-35-3
74,525,A,35,7,30.0,30.0,402.60,411.90,11,BOERSMA,03/1984,74,PLANKTONIC FORAMINIFERA,,,,GOOD,NO AGE GIVEN,513,FACAR0195,Acarinina nitida (q),COMMON,  ,1,9a90f6314ae6f64cf2eab6ae13f38f6b,74-525A-35-7
74,525,A,35,7,30.0,30.0,402.60,411.90,11,BOERSMA,03/1984,74,PLANKTONIC FORAMINIFERA,,,,GOOD,NO AGE GIVEN,513,FACAR0240,Acarinina pseudotopilensis,RARE,  ,1,0a942a8972d154cedb6248ac1137b0ef,74-525A-35-7
74,525,A,35,7,30.0,30.0,402.60,411.90,11,BOERSMA,03/1984,74,PLANKTONIC FORAMINIFERA,,,,GOOD,NO AGE GIVEN,513,FACAR0290,Acarinina soldadoensis,TRACE,  ,1,177e956e83b39878deea8cce69147c20,74-525A-35-7
74,525,A,35,7,30.0,30.0,402.60,411.90,11,BOERSMA,03/1984,74,PLANKTONIC FORAMINIFERA,,,,GOOD,NO AGE GIVEN,513,FACAR0325,Acarinina spiralis,COMMON,  ,1,73cdacbbd426deb5c4dd0b9d643c0d7c,74-525A-35-7
74,525,A,35,7,30.0,30.0,402.60,411.90,11,BOERSMA,03/1984,74,PLANKTONIC FORAMINIFERA,,,,GOOD,NO AGE GIVEN,513,FCHIL0120,Chiloguembelina wilcoxensis,TRACE,  ,1,19d108fe2e25576da500c2ca3aebd8fe,74-525A-35-7
74,525,A,35,7,30.0,30.0,402.60,411.90,11,BOERSMA,03/1984,74,PLANKTONIC FORAMINIFERA,,,,GOOD,NO AGE GIVEN,513,FMORO0060,Morozovella albeari,FEW,  ,1,d27632e9ca515e2d664390b9d1287d4e,74-525A-35-7
74,525,A,35,7,30.0,30.0,402.60,411.90,11,BOERSMA,03/1984,74,PLANKTONIC FORAMINIFERA,,,,GOOD,NO AGE GIVEN,513,FMORO0079,Morozovella apenthesma,RARE,  ,1,86af352498cdba5376c07cbff555a321,74-525A-35-7
74,525,A,35,7,30.0,30.0,402.60,411.90,11,BOERSMA,03/1984,74,PLANKTONIC FORAMINIFERA,,,,GOOD,NO AGE GIVEN,513,FMORO0380,Morozovella velascoensis,RARE,  ,1,72c3aa689df34f285af31a2dce8afb35,74-525A-35-7
74,525,A,35,7,30.0,30.0,402.60,411.90,11,BOERSMA,03/1984,74,PLANKTONIC FORAMINIFERA,,,,GOOD,NO AGE GIVEN,513,FPLAR0080,Planorotalites pseudomenardii,FEW,  ,1,99d7c1a09a5e46c3ad039e70640eb2be,74-525A-35-7
74,525,A,35,7,30.0,30.0,402.60,411.90,11,BOERSMA,03/1984,74,PLANKTONIC FORAMINIFERA,,,,GOOD,NO AGE GIVEN,513,FPLAR0117,Planorotalites reissi,TRACE,  ,1,1abd008413802cec17039cd2ad8eef01,74-525A-35-7
74,525,A,35,7,30.0,30.0,402.60,411.90,11,BOERSMA,03/1984,74,PLANKTONIC FORAMINIFERA,,,,GOOD,NO AGE GIVEN,513,FSUBB0160,Subbotina patagonica,COMMON,  ,2,5e8e77ff07afc8716391ad689608963e,74-525A-35-7
74,525,A,36,1,70.0,70.0,412.10,412.80, 8,BOERSMA,03/1984,74,PLANKTONIC FORAMINIFERA,,,,GOOD,NO AGE GIVEN,513,FACAR0195,Acarinina nitida (q),COMMON,  ,1,c8fffd9c8bfd5d59198b3052540b5091,74-525A-36-1
74,525,A,36,1,70.0,70.0,412.10,412.80, 8,BOERSMA,03/1984,74,PLANKTONIC FORAMINIFERA,,,,GOOD,NO AGE GIVEN,513,FACAR0325,Acarinina spiralis,COMMON,  ,1,9683753760dc167f3eff8e7a7c156a24,74-525A-36-1
74,525,A,36,1,70.0,70.0,412.10,412.80, 8,BOERSMA,03/1984,74,PLANKTONIC FORAMINIFERA,,,,GOOD,NO AGE GIVEN,513,FCHIL0120,Chiloguembelina wilcoxensis,TRACE,  ,1,3bf314a75141b1da3baed773e6faf677,74-525A-36-1
74,525,A,36,1,70.0,70.0,412.10,412.80, 8,BOERSMA,03/1984,74,PLANKTONIC FORAMINIFERA,,,,GOOD,NO AGE GIVEN,513,FMORO0030,Morozovella acutispira,FEW,  ,1,bd8ff05853d29a299df2ddd07ee9c904,74-525A-36-1
74,525,A,36,1,70.0,70.0,412.10,412.80, 8,BOERSMA,03/1984,74,PLANKTONIC FORAMINIFERA,,,,GOOD,NO AGE GIVEN,513,FMORO0060,Morozovella albeari,FEW,  ,1,06ba86f90f18c791954376e6a6cb56b3,74-525A-36-1
74,525,A,36,1,70.0,70.0,412.10,412.80, 8,BOERSMA,03/1984,74,PLANKTONIC FORAMINIFERA,,,,GOOD,NO AGE GIVEN,513,FMORO0380,Morozovella velascoensis,COMMON,  ,1,2fada456f47c3d1090ad61852d32ff1c,74-525A-36-1
74,525,A,36,1,70.0,70.0,412.10,412.80, 8,BOERSMA,03/1984,74,PLANKTONIC FORAMINIFERA,,,,GOOD,NO AGE GIVEN,513,FPLAR0080,Planorotalites pseudomenardii,FEW,  ,1,fae49136852d78a5193f09b47e987707,74-525A-36-1
74,525,A,36,1,70.0,70.0,412.10,412.80, 8,BOERSMA,03/1984,74,PLANKTONIC FORAMINIFERA,,,,GOOD,NO AGE GIVEN,513,FSUBB0160,Subbotina patagonica,ABUNDANT,  ,1,1833146bb9f162307b935a2c3bcf9511,74-525A-36-1
74,525,A,36,3,24.0,24.0,412.10,415.34, 7,BOERSMA,03/1984,74,PLANKTONIC FORAMINIFERA,,,,GOOD,NO AGE GIVEN,513,FACAR0195,Acarinina nitida (q),COMMON,  ,1,1ecd1b584f19ebbe9c19d76db4542b70,74-525A-36-3
74,525,A,36,3,24.0,24.0,412.10,415.34, 7,BOERSMA,03/1984,74,PLANKTONIC FORAMINIFERA,,,,GOOD,NO AGE GIVEN,513,FACAR0325,Acarinina spiralis,COMMON,  ,1,c2b9f640ce333f61a63e53f8fbbbf611,74-525A-36-3
74,525,A,36,3,24.0,24.0,412.10,415.34, 7,BOERSMA,03/1984,74,PLANKTONIC FORAMINIFERA,,,,GOOD,NO AGE GIVEN,513,FMORO0030,Morozovella acutispira,PRESENT,  ,1,722ed1fb562ba0326ff6154a98425fa8,74-525A-36-3
74,525,A,36,3,24.0,24.0,412.10,415.34, 7,BOERSMA,03/1984,74,PLANKTONIC FORAMINIFERA,,,,GOOD,NO AGE GIVEN,513,FMORO0060,Morozovella albeari,TRACE,  ,1,def0ca76386b0d990569e34095fdc373,74-525A-36-3
74,525,A,36,3,24.0,24.0,412.10,415.34, 7,BOERSMA,03/1984,74,PLANKTONIC FORAMINIFERA,,,,GOOD,NO AGE GIVEN,513,FMORO0380,Morozovella velascoensis,RARE,  ,1,0ab4e4fa54eb331e3558f856647064c1,74-525A-36-3
74,525,A,36,3,24.0,24.0,412.10,415.34, 7,BOERSMA,03/1984,74,PLANKTONIC FORAMINIFERA,,,,GOOD,NO AGE GIVEN,513,FPLAR0080,Planorotalites pseudomenardii,TRACE,  ,1,1187f44cdb4bb52c963cfe6280d2892f,74-525A-36-3
74,525,A,36,3,24.0,24.0,412.10,415.34, 7,BOERSMA,03/1984,74,PLANKTONIC FORAMINIFERA,,,,GOOD,NO AGE GIVEN,513,FSUBB0160,Subbotina patagonica,COMMON,  ,1,cf61594f248e75a8369c43c1db705b9f,74-525A-36-3
74,525,A,37,1,140.0,140.0,421.60,423.00, 7,BOERSMA,03/1984,74,PLANKTONIC FORAMINIFERA,,,,MODERATE,NO AGE GIVEN,513,FACAR0075,Acarinina chascanoma,ABUNDANT,  ,1,f5b5d24727dc0179aa4beb979c3d2b9b,74-525A-37-1
74,525,A,37,1,140.0,140.0,421.60,423.00, 7,BOERSMA,03/1984,74,PLANKTONIC FORAMINIFERA,,,,MODERATE,NO AGE GIVEN,513,FACAR0325,Acarinina spiralis,ABUNDANT,  ,1,1d744857b0bfb6a708c3acf5466c8c85,74-525A-37-1
74,525,A,37,1,140.0,140.0,421.60,423.00, 7,BOERSMA,03/1984,74,PLANKTONIC FORAMINIFERA,,,,MODERATE,NO AGE GIVEN,513,FMORO0030,Morozovella acutispira,COMMON,  ,1,8b72a03b526950652feb51b918ede28b,74-525A-37-1
74,525,A,37,1,140.0,140.0,421.60,423.00, 7,BOERSMA,03/1984,74,PLANKTONIC FORAMINIFERA,,,,MODERATE,NO AGE GIVEN,513,FMORO0060,Morozovella albeari,COMMON,  ,1,c7f68fa465fd8c634644c81357aed3c0,74-525A-37-1
74,525,A,37,1,140.0,140.0,421.60,423.00, 7,BOERSMA,03/1984,74,PLANKTONIC FORAMINIFERA,,,,MODERATE,NO AGE GIVEN,513,FMORO0130,Morozovella conicotruncata,TRACE,  ,1,da7d5ce774aef89a093c8ec55b2daf5f,74-525A-37-1
74,525,A,37,1,140.0,140.0,421.60,423.00, 7,BOERSMA,03/1984,74,PLANKTONIC FORAMINIFERA,,,,MODERATE,NO AGE GIVEN,513,FMORO0380,Morozovella velascoensis,RARE,  ,1,565b6a9964f3322aff0d5710733bfaff,74-525A-37-1
74,525,A,37,1,140.0,140.0,421.60,423.00, 7,BOERSMA,03/1984,74,PLANKTONIC FORAMINIFERA,,,,MODERATE,NO AGE GIVEN,513,FSUBB0180,Subbotina pseudobulloides,TRACE,  ,1,06b26ebbda25fe7aabfe6ce0c68ed4c6,74-525A-37-1
74,525,A,38,1,15.0,15.0,431.10,431.25, 2,BOERSMA,03/1984,74,PLANKTONIC FORAMINIFERA,,,,GOOD,NO AGE GIVEN,513,FCHIL0050,Chiloguembelina midwayensis,RARE,  ,1,1eb781269ae1948c689549a3dabad9a9,74-525A-38-1
74,525,A,38,1,15.0,15.0,431.10,431.25, 2,BOERSMA,03/1984,74,PLANKTONIC FORAMINIFERA,,,,GOOD,NO AGE GIVEN,513,FPLAR0030,Planorotalites compressus,RARE,  ,1,9a2c0b20602bf719543387d2302b0481,74-525A-38-1
74,525,A,38,3,15.0,15.0,431.10,434.25, 3,BOERSMA,03/1984,74,PLANKTONIC FORAMINIFERA,,,,POOL,NO AGE GIVEN,513,FCHIL0050,Chiloguembelina midwayensis,TRACE,  ,1,2e70b2d5c060d2766943db1c21e79dea,74-525A-38-3
74,525,A,38,3,15.0,15.0,431.10,434.25, 3,BOERSMA,03/1984,74,PLANKTONIC FORAMINIFERA,,,,POOL,NO AGE GIVEN,513,FPLAR0030,Planorotalites compressus,COMMON,  ,1,707379564a204fa1e92e8a24f678882b,74-525A-38-3
74,525,A,38,3,15.0,15.0,431.10,434.25, 3,BOERSMA,03/1984,74,PLANKTONIC FORAMINIFERA,,,,POOL,NO AGE GIVEN,513,FSUBB0220,Subbotina triloculinoides,COMMON,  ,1,ea31966368a5194d7fbbe0ae30cbc8a4,74-525A-38-3
74,525,A,39,2,8.0,8.0,440.60,442.18,10,BOERSMA,03/1984,74,PLANKTONIC FORAMINIFERA,,,,MODERATE,NO AGE GIVEN,513,FCHIL0050,Chiloguembelina midwayensis,FEW,  ,1,fd9013beca5b69167f48cb5707ae8efe,74-525A-39-2
74,525,A,39,2,8.0,8.0,440.60,442.18,10,BOERSMA,03/1984,74,PLANKTONIC FORAMINIFERA,,,,MODERATE,NO AGE GIVEN,513,FCHIL0050,Chiloguembelina midwayensis,TRACE,  ,1,731ede9f30e23a4c91eac5b7907017dd,74-525A-39-2
74,525,A,39,2,8.0,8.0,440.60,442.18,10,BOERSMA,03/1984,74,PLANKTONIC FORAMINIFERA,,,,MODERATE,NO AGE GIVEN,513,FGLOC0020,Globoconusa daubjergensis,TRACE,  ,1,1298a2db71fb324eb3db3465fc3ccb53,74-525A-39-2
74,525,A,39,2,8.0,8.0,440.60,442.18,10,BOERSMA,03/1984,74,PLANKTONIC FORAMINIFERA,,,,MODERATE,NO AGE GIVEN,513,FGUEB0002,Guembelitria cretacea,TRACE,  ,1,ffc6f95ae43bfca1a4ea37443c219a7e,74-525A-39-2
74,525,A,39,2,8.0,8.0,440.60,442.18,10,BOERSMA,03/1984,74,PLANKTONIC FORAMINIFERA,,,,MODERATE,NO AGE GIVEN,513,FHEDB0180,Hedbergella monmouthensis,TRACE,  ,1,d0cc200b92924b1458df8b4810751cd2,74-525A-39-2
74,525,A,39,2,8.0,8.0,440.60,442.18,10,BOERSMA,03/1984,74,PLANKTONIC FORAMINIFERA,,,,MODERATE,NO AGE GIVEN,513,FPLAR0031,Planorotalites compressus (q),FEW,  ,1,016d228b43277ae6796b37ba78e535a0,74-525A-39-2
74,525,A,39,2,8.0,8.0,440.60,442.18,10,BOERSMA,03/1984,74,PLANKTONIC FORAMINIFERA,,,,MODERATE,NO AGE GIVEN,513,FPLAR0045,Planorotalites eugubinus,TRACE,  ,1,ca20f248233869063ee230af2774248b,74-525A-39-2
74,525,A,39,2,8.0,8.0,440.60,442.18,10,BOERSMA,03/1984,74,PLANKTONIC FORAMINIFERA,,,,MODERATE,NO AGE GIVEN,513,FSUBB0055,Subbotina fringa,FEW,  ,1,e8a63638920fd0a5d37d1cd69ff427e5,74-525A-39-2
74,525,A,39,2,8.0,8.0,440.60,442.18,10,BOERSMA,03/1984,74,PLANKTONIC FORAMINIFERA,,,,MODERATE,NO AGE GIVEN,513,FSUBB0180,Subbotina pseudobulloides,COMMON,  ,1,728e1f33e7e883155768bd95f0db68d2,74-525A-39-2
74,525,A,39,2,8.0,8.0,440.60,442.18,10,BOERSMA,03/1984,74,PLANKTONIC FORAMINIFERA,,,,MODERATE,NO AGE GIVEN,513,FWOOD0010,Woodringia hornerstownensis,TRACE,  ,1,83072f6a76a5b1c1fa553c759b947e4f,74-525A-39-2
74,525,A,39,4,110.0,110.0,440.60,446.20, 9,BOERSMA,03/1984,74,PLANKTONIC FORAMINIFERA,,,,MODERATE,NO AGE GIVEN,513,FCHIL0050,Chiloguembelina midwayensis,FEW,  ,1,c1ee392a49c54d7163006f8f4827669b,74-525A-39-4
74,525,A,39,4,110.0,110.0,440.60,446.20, 9,BOERSMA,03/1984,74,PLANKTONIC FORAMINIFERA,,,,MODERATE,NO AGE GIVEN,513,FCHIL0050,Chiloguembelina midwayensis,FEW,  ,1,ffa604d414a27e09afdc152e4d6a9108,74-525A-39-4
74,525,A,39,4,110.0,110.0,440.60,446.20, 9,BOERSMA,03/1984,74,PLANKTONIC FORAMINIFERA,,,,MODERATE,NO AGE GIVEN,513,FGLOC0020,Globoconusa daubjergensis,FEW,  ,1,e5af4907605292d502e4960d183d8363,74-525A-39-4
74,525,A,39,4,110.0,110.0,440.60,446.20, 9,BOERSMA,03/1984,74,PLANKTONIC FORAMINIFERA,,,,MODERATE,NO AGE GIVEN,513,FGUEB0002,Guembelitria cretacea,FEW,  ,1,32b0964e77797489edb8aba55161e433,74-525A-39-4
74,525,A,39,4,110.0,110.0,440.60,446.20, 9,BOERSMA,03/1984,74,PLANKTONIC FORAMINIFERA,,,,MODERATE,NO AGE GIVEN,513,FHEDB0180,Hedbergella monmouthensis,COMMON,  ,1,161b2025389f5051b6fd748f11a6cbcc,74-525A-39-4
74,525,A,39,4,110.0,110.0,440.60,446.20, 9,BOERSMA,03/1984,74,PLANKTONIC FORAMINIFERA,,,,MODERATE,NO AGE GIVEN,513,FPLAR0045,Planorotalites eugubinus,COMMON,  ,1,6b745da65e80a7f4e6704cdb6fde9348,74-525A-39-4
74,525,A,39,4,110.0,110.0,440.60,446.20, 9,BOERSMA,03/1984,74,PLANKTONIC FORAMINIFERA,,,,MODERATE,NO AGE GIVEN,513,FSUBB0055,Subbotina fringa,COMMON,  ,1,fcc7513093183e23401eb45dd4741093,74-525A-39-4
74,525,A,39,4,110.0,110.0,440.60,446.20, 9,BOERSMA,03/1984,74,PLANKTONIC FORAMINIFERA,,,,MODERATE,NO AGE GIVEN,513,FSUBB0155,Subbotina minutula,COMMON,  ,1,9cf2737f2802d45800dc0212ed7b5b43,74-525A-39-4
74,525,A,39,4,110.0,110.0,440.60,446.20, 9,BOERSMA,03/1984,74,PLANKTONIC FORAMINIFERA,,,,MODERATE,NO AGE GIVEN,513,FWOOD0010,Woodringia hornerstownensis,FEW,  ,1,d60f1a33c51010f755b4ea17f55c6d84,74-525A-39-4
